Multiple size <= 100
TEST 1 ARG:1 44 25 10 99 75 70 46 56 88 49 98 17 21 43 51 59 92 76 85 62 69 83 16 78 27 36 84 91 58 2 73 81 13 90 8 87 89 54 11 6 45 86 23 22 39 71 18 82 55 74 95 57 31 29 24 66 37 34 68 63 30 4 38 0 94 47 65 64 72 40 33 50 19 32 60 53 14 28 5 48 20 80 77 97 26 3 35 79 61 15 12 41 7 96 93 67 52 9 42
TEST 2 ARG:41 86 19 60 18 72 6 56 36 62 27 58 50 68 44 84 76 89 26 67 28 96 87 95 34 88 99 22 43 15 82 91 31 77 97 71 78 79 52 39 32 54 29 25 65 14 10 70 37 3 98 8 74 48 23 40 21 57 24 66 45 9 80 16 51 53 4 20 5 42 83 33 73 93 55 46 61 64 81 63 35 2 30 1 11 0 12 13 7 17 90 69 47 85 59 94 38 49 92 75
TEST 3 ARG:65 86 97 28 19 95 72 20 55 30 88 76 6 41 82 75 9 39 81 57 83 17 61 96 12 71 99 90 64 80 18 27 77 93 33 79 62 23 11 91 60 26 8 68 15 42 4 54 66 52 67 25 31 7 98 38 73 84 51 50 87 10 13 89 58 14 24 49 3 69 22 44 46 47 63 36 43 53 85 70 37 78 32 92 2 34 21 59 35 48 29 0 94 16 5 1 56 74 40 45
TEST 4 ARG:36 65 27 94 69 4 8 52 77 18 22 40 46 61 19 26 76 67 87 60 82 39 74 59 25 75 29 70 5 1 24 63 23 99 56 84 15 6 95 32 37 50 11 58 64 83 73 30 12 91 33 90 71 38 3 47 79 81 49 55 42 66 31 54 28 35 10 68 97 85 88 93 96 0 21 14 78 86 44 45 53 34 43 16 9 41 92 80 7 89 98 13 62 17 51 57 2 72 20 48
TEST 5 ARG:52 54 49 82 11 36 33 84 66 56 87 57 70 16 14 43 81 75 10 40 91 50 35 98 15 24 9 68 73 2 22 38 51 3 83 79 99 46 88 95 39 29 31 44 93 48 19 62 20 21 65 30 86 97 26 71 28 32 96 69 85 0 34 41 78 55 12 42 18 25 92 59 76 58 67 77 5 6 1 7 60 63 80 23 45 53 64 61 72 17 94 89 4 37 74 8 13 27 90 47
TEST 6 ARG:96 90 39 65 69 80 41 1 31 94 23 87 81 32 19 35 33 54 93 25 97 17 98 57 88 18 60 50 13 64 52 7 61 83 44 6 99 56 20 38 95 26 85 21 92 48 0 46 8 29 68 5 70 51 77 15 28 10 79 59 36 42 67 63 91 82 66 89 27 2 9 11 30 84 47 37 78 34 75 53 45 4 72 3 58 24 62 76 71 43 73 49 86 74 40 12 22 14 16 55
TEST 7 ARG:49 16 86 43 59 2 30 14 6 95 40 12 22 35 5 98 0 1 75 93 81 15 50 80 87 45 97 39 3 64 54 63 36 57 27 29 70 13 84 34 60 73 53 71 42 85 11 44 31 67 89 19 23 83 92 55 4 88 38 68 20 56 9 8 48 77 7 46 74 25 82 37 52 51 33 66 47 65 94 62 99 78 72 32 17 28 10 18 76 90 58 61 79 41 96 91 21 26 69 24
TEST 8 ARG:38 19 37 57 10 30 67 43 49 17 93 4 71 69 23 50 59 55 41 89 65 13 34 20 16 22 85 82 14 42 2 73 90 47 1 63 12 32 81 6 62 9 95 28 29 52 33 21 3 39 91 44 61 35 77 99 48 87 97 68 86 40 24 36 54 96 25 70 26 83 7 64 79 76 98 27 92 18 5 88 31 15 51 94 46 78 58 84 45 53 56 80 11 74 0 75 60 66 8 72
TEST 9 ARG:70 19 57 16 61 95 27 35 47 17 76 11 79 13 39 34 63 42 8 86 90 18 67 87 64 31 74 75 25 5 72 88 28 9 7 43 55 71 40 81 21 44 66 58 38 23 12 82 98 53 93 41 45 77 92 22 60 85 62 99 46 33 73 50 51 3 65 56 1 29 6 78 68 52 32 36 83 91 15 89 59 96 10 97 80 24 30 14 20 94 69 48 2 37 84 4 49 54 26 0
TEST 10 ARG:15 24 68 13 77 1 34 73 63 90 27 50 94 71 60 93 62 66 43 14 48 42 25 47 59 45 49 53 7 51 29 84 69 61 97 70 57 23 12 6 36 79 2 39 19 3 9 35 31 8 92 85 30 75 76 81 20 98 11 74 21 80 54 10 86 33 44 91 0 40 56 16 64 78 96 58 32 89 82 46 28 55 26 87 52 38 4 22 65 99 88 83 5 41 67 18 95 17 37 72
TEST 11 ARG:32 38 12 40 99 25 81 3 61 93 75 52 8 57 18 83 80 16 11 97 67 65 27 88 85 6 28 45 5 62 4 15 96 48 78 14 35 23 47 37 89 71 73 95 50 87 98 13 49 58 29 43 86 20 9 70 60 64 68 41 17 0 56 63 21 36 92 72 55 59 46 79 19 10 84 39 1 54 94 2 44 90 74 91 51 34 7 82 31 77 66 42 33 76 53 24 22 30 69 26
TEST 12 ARG:40 75 52 92 91 69 87 71 64 82 21 23 20 5 38 93 68 11 41 63 27 60 45 3 98 74 32 31 99 30 73 80 24 55 29 1 61 76 39 96 6 54 81 95 78 0 22 50 66 77 85 53 49 19 88 59 62 17 47 48 36 28 43 70 34 42 94 83 79 15 37 56 18 12 13 51 86 16 90 58 2 14 35 25 10 72 65 89 46 67 44 8 9 33 57 4 26 97 84 7
TEST 13 ARG:3 37 64 98 51 14 97 89 54 69 63 47 68 16 10 43 15 91 88 99 93 58 52 94 76 42 59 24 11 74 40 67 29 61 84 30 19 20 0 75 53 45 33 8 56 65 21 96 71 77 92 22 85 31 23 83 50 44 86 62 90 18 38 13 25 2 26 46 5 39 66 55 72 49 36 70 35 87 7 4 41 34 82 6 48 1 32 12 60 80 79 57 81 73 9 28 17 27 95 78
TEST 14 ARG:28 50 77 5 59 33 38 83 3 80 29 26 78 68 30 40 57 63 44 51 42 25 11 75 72 21 9 20 69 96 36 67 86 60 17 27 62 85 53 22 97 15 98 81 23 34 92 46 24 0 76 56 6 31 43 88 74 93 48 37 18 2 49 99 1 90 73 61 4 41 8 47 55 64 39 71 94 14 79 35 82 16 52 13 66 91 45 7 58 32 65 70 84 10 95 12 89 19 87 54
TEST 15 ARG:13 46 80 89 67 94 50 77 45 52 81 65 59 37 14 12 27 99 61 33 28 63 22 24 62 6 42 82 92 95 29 7 35 11 57 25 73 4 10 74 5 68 64 21 78 19 17 56 2 23 3 43 84 85 79 32 49 76 86 93 16 60 53 31 8 9 54 72 75 26 66 41 18 15 44 69 71 39 97 34 0 20 48 70 55 88 83 30 96 36 1 47 98 38 91 51 40 90 87 58
TEST 16 ARG:93 32 97 81 25 62 36 46 88 28 3 50 10 31 18 77 96 69 0 89 64 45 13 57 83 92 56 41 26 68 82 44 70 39 73 16 1 78 98 99 33 75 35 79 15 84 9 59 40 8 80 76 14 72 66 5 61 21 4 65 42 86 7 95 87 34 37 60 54 48 94 30 20 38 51 91 24 17 55 27 22 23 2 12 43 29 74 63 52 47 58 49 85 90 67 71 19 11 6 53
TEST 17 ARG:10 33 67 87 46 71 26 64 6 62 5 25 50 52 61 44 4 29 27 54 30 7 36 20 82 84 73 83 69 72 94 76 58 75 60 49 16 39 40 57 19 43 55 90 34 70 38 13 97 98 59 18 99 96 47 15 35 23 41 12 42 65 8 95 56 37 1 2 17 24 81 89 11 91 53 3 31 51 93 66 68 74 92 32 0 77 80 21 22 78 86 63 48 88 85 14 9 79 45 28
TEST 18 ARG:70 81 31 88 21 73 52 92 48 56 71 54 53 34 8 95 30 45 91 61 4 9 76 74 58 97 25 32 3 69 12 84 6 62 7 17 66 64 55 2 43 57 37 65 99 47 10 78 93 60 33 41 90 50 35 86 44 51 68 16 80 96 18 40 46 27 36 0 11 23 98 39 77 75 13 59 22 49 26 79 67 14 63 28 94 19 1 38 72 29 87 20 42 15 5 89 85 83 82 24
TEST 19 ARG:84 56 36 27 37 28 62 78 50 44 15 92 63 60 18 5 87 16 38 69 46 14 42 21 24 89 33 98 1 43 54 66 70 0 73 34 23 4 10 52 7 95 61 79 57 76 82 19 75 65 81 29 13 20 99 71 47 83 49 53 51 45 30 77 64 8 72 31 85 74 93 17 12 55 91 11 96 59 94 26 86 67 9 39 2 90 58 35 97 40 48 41 22 32 68 88 25 3 80 6
TEST 20 ARG:90 71 79 5 50 1 17 44 66 54 83 0 3 96 36 78 91 87 47 61 22 64 42 49 35 23 77 8 72 62 2 28 10 26 19 70 18 81 63 52 59 34 74 67 14 11 75 30 9 33 12 16 97 58 41 32 31 48 57 37 13 88 65 51 55 89 86 21 27 7 82 53 60 98 92 73 25 46 4 40 95 93 94 45 24 43 20 29 80 69 6 76 39 99 38 56 84 15 68 85
TEST 21 ARG:78 15 90 84 11 55 54 1 65 95 29 50 61 70 16 39 58 66 37 33 74 25 2 72 23 85 48 24 21 97 10 47 51 64 93 40 30 98 82 6 41 8 63 67 60 22 96 31 4 76 7 88 62 87 83 80 43 49 17 36 35 59 14 99 69 56 0 32 77 52 89 3 81 94 45 28 9 57 18 19 71 20 68 26 73 92 38 5 34 75 27 12 46 42 79 44 13 91 53 86
TEST 22 ARG:71 96 18 40 50 30 98 63 13 19 1 46 89 58 38 28 8 51 11 9 36 42 41 70 68 80 55 53 39 20 10 37 34 60 66 17 79 27 87 29 61 15 69 26 76 21 74 4 31 47 92 43 45 65 3 86 25 67 14 56 49 75 93 77 64 7 32 78 2 59 85 90 73 16 12 23 94 82 54 95 22 88 44 52 48 99 24 97 83 91 6 57 81 0 84 72 5 33 35 62
TEST 23 ARG:2 66 39 31 67 61 35 58 62 55 23 46 25 41 52 33 77 12 81 89 87 6 64 29 4 80 7 82 75 63 79 90 91 57 19 3 85 13 47 45 94 40 54 50 95 37 56 9 36 98 78 44 22 8 68 30 93 34 17 86 21 83 88 92 49 42 76 27 28 53 24 84 71 15 73 38 43 26 5 96 32 20 14 10 51 18 11 99 1 72 60 65 70 69 59 74 48 0 16 97
TEST 24 ARG:48 49 7 67 14 95 0 17 28 55 70 44 19 92 26 83 77 59 4 62 16 66 20 93 15 10 35 79 91 54 50 88 87 45 56 63 38 61 86 99 21 29 22 85 30 75 27 97 2 64 3 37 96 82 51 60 43 46 69 84 81 39 57 31 42 52 74 73 11 5 40 13 23 33 1 47 53 80 34 89 32 98 9 65 36 76 41 12 72 68 6 58 8 18 25 94 78 71 90 24
TEST 25 ARG:33 82 21 22 49 66 81 84 24 61 32 99 90 8 53 75 60 71 69 44 88 37 20 87 18 4 15 9 54 47 14 85 11 97 30 1 95 52 68 26 45 56 16 5 31 79 39 19 74 41 76 10 7 91 65 67 64 63 40 3 46 34 38 73 96 86 6 72 51 59 70 25 92 23 93 62 83 57 43 50 13 55 35 98 80 28 27 89 77 12 17 58 94 48 78 36 42 2 29 0
TEST 26 ARG:32 36 13 47 55 80 15 50 21 56 30 63 42 72 82 41 4 83 12 35 37 53 19 94 97 84 77 70 8 59 88 29 43 99 22 79 39 38 78 73 58 81 6 18 0 64 7 49 86 23 16 91 52 26 25 20 65 89 90 69 75 57 14 31 61 46 76 10 60 74 62 66 1 33 45 24 9 96 17 98 87 54 92 2 3 85 48 51 40 68 11 71 34 28 95 27 67 44 93 5
TEST 27 ARG:60 46 32 58 82 69 30 91 15 9 19 78 43 44 81 47 53 55 48 36 5 66 38 8 96 65 51 23 59 89 92 68 98 31 21 7 26 10 95 11 62 34 85 42 16 94 12 87 61 86 33 25 71 83 27 54 99 14 93 6 50 80 17 72 75 20 24 3 64 1 63 39 56 0 74 2 22 76 28 18 88 84 29 90 52 70 4 35 57 40 97 73 79 77 45 67 49 13 41 37
TEST 28 ARG:69 20 55 67 12 49 46 54 70 62 64 59 74 90 75 17 19 65 3 92 98 23 66 84 36 37 71 97 35 99 39 26 82 95 85 9 32 47 10 63 57 0 4 72 18 96 79 34 53 61 15 43 22 45 30 16 41 83 28 68 8 60 6 58 94 87 2 13 1 33 24 42 7 80 31 89 21 40 11 38 50 77 91 86 81 73 29 14 5 76 48 56 25 52 27 78 51 93 44 88
TEST 29 ARG:28 81 71 34 54 47 90 88 97 12 74 60 36 55 3 1 37 84 22 27 98 41 69 30 0 65 72 17 10 96 99 75 93 46 59 49 9 42 77 6 68 15 64 83 11 63 94 43 52 4 62 44 76 50 8 95 57 79 92 32 16 66 73 39 2 58 53 13 82 24 25 86 78 38 51 26 45 61 89 29 56 80 35 7 87 67 23 31 70 40 21 18 33 14 85 20 91 19 48 5
TEST 30 ARG:96 73 35 94 13 19 86 47 32 42 25 81 40 62 0 59 28 4 21 93 56 77 91 26 17 66 53 51 6 88 44 9 71 3 34 83 41 90 97 24 65 58 74 46 75 37 76 7 61 48 20 54 30 78 69 82 98 27 67 55 36 99 80 5 57 50 84 22 79 92 31 70 45 87 60 49 18 63 38 1 14 8 95 2 10 39 72 16 23 43 52 11 29 15 33 12 68 85 64 89
TEST 31 ARG:19 62 36 28 52 94 93 17 15 5 79 6 18 29 51 39 95 48 40 80 16 96 3 98 11 50 1 33 72 30 46 7 60 13 91 42 34 87 37 65 85 14 78 89 24 2 69 32 92 10 57 59 99 66 53 21 97 20 90 70 81 35 41 43 56 58 64 25 49 88 75 71 55 82 9 77 54 76 47 86 4 26 38 22 63 74 8 73 61 12 45 44 23 0 84 27 31 83 68 67
TEST 32 ARG:31 73 25 85 87 61 15 1 36 65 57 28 92 98 17 50 11 96 51 67 79 63 90 14 72 93 3 52 43 59 49 55 21 4 77 84 58 2 9 29 10 70 46 94 78 74 27 41 0 64 48 8 38 76 32 18 19 7 99 40 81 56 30 82 68 12 44 39 37 34 26 24 83 5 97 88 66 62 53 13 95 91 16 22 20 69 86 6 80 54 42 35 89 45 47 75 60 23 33 71
TEST 33 ARG:69 2 11 25 71 49 80 26 57 0 3 10 21 96 60 70 19 66 62 9 82 34 84 22 43 47 15 35 91 64 50 20 78 44 24 77 76 42 75 16 41 39 92 67 97 5 13 68 18 89 85 93 53 23 83 55 32 29 65 58 17 36 87 86 73 46 79 88 4 52 63 12 74 38 51 54 1 95 98 40 14 90 61 94 37 99 30 81 33 8 28 72 6 7 27 45 59 56 31 48
TEST 34 ARG:22 43 71 13 55 85 91 35 45 75 87 12 24 5 2 23 8 63 37 66 73 41 56 19 6 3 84 89 14 46 10 32 17 62 11 51 83 4 64 96 7 33 9 76 69 88 16 74 50 70 79 44 1 52 80 29 42 90 21 49 48 67 78 98 53 15 99 34 72 95 28 47 60 93 94 68 58 36 54 38 81 30 65 27 82 25 26 61 59 18 20 86 57 0 40 77 39 92 31 97
TEST 35 ARG:98 30 15 26 61 44 92 40 8 19 31 49 16 60 68 7 90 22 36 80 56 99 79 88 85 86 33 74 95 20 12 57 1 48 39 89 14 27 13 59 3 50 38 41 84 53 2 71 11 47 91 65 52 70 34 5 77 25 69 73 35 24 37 66 4 54 81 67 83 9 23 82 94 32 76 43 64 6 58 75 63 42 21 96 51 78 29 62 55 28 87 0 97 93 46 17 45 10 18 72
TEST 36 ARG:68 30 40 37 0 70 10 43 2 79 3 69 29 96 63 89 91 77 38 9 72 16 8 62 7 36 15 59 48 34 35 21 97 26 28 99 32 58 4 82 55 20 93 13 75 33 17 54 46 85 83 11 12 87 76 53 18 49 64 67 19 56 65 51 52 80 39 27 81 95 84 45 74 31 25 57 22 86 78 44 71 61 66 88 98 90 60 50 92 23 24 6 94 1 42 47 5 14 73 41
TEST 37 ARG:37 16 27 73 70 35 40 58 77 8 68 50 9 10 57 41 90 93 52 30 64 74 48 88 84 29 99 38 46 43 63 20 92 53 59 24 26 44 11 76 4 81 47 75 91 1 97 19 14 54 13 65 61 79 18 31 71 5 25 22 85 87 42 32 0 51 39 83 89 23 49 95 6 96 78 28 69 12 62 36 98 3 82 67 55 72 80 34 2 66 21 94 7 33 15 60 56 45 17 86
TEST 38 ARG:89 19 60 33 68 59 64 75 35 53 77 49 90 7 61 41 93 52 62 10 95 94 58 48 22 34 2 29 21 51 99 18 86 17 69 16 32 85 4 65 50 63 97 37 81 91 3 40 28 36 83 20 70 79 39 57 45 82 87 98 8 55 27 13 84 6 78 15 67 9 47 31 43 74 66 71 46 12 54 42 14 30 76 56 24 26 88 80 44 11 1 25 38 23 92 73 72 5 0 96
TEST 39 ARG:4 52 53 89 77 28 99 43 79 81 88 25 31 92 11 34 93 66 16 45 82 33 22 18 32 80 98 84 8 49 40 35 23 51 62 46 39 14 76 87 91 58 65 75 56 20 59 10 41 9 97 90 30 64 63 70 71 74 27 48 72 61 38 54 42 29 0 83 94 55 6 73 69 15 17 13 95 86 2 60 5 36 26 67 57 3 96 85 68 78 1 37 21 24 12 47 19 44 50 7
TEST 40 ARG:82 47 71 10 5 39 21 95 48 85 34 93 33 28 25 68 11 4 62 36 98 20 80 75 67 41 13 40 70 66 73 92 90 38 87 18 61 59 12 30 89 7 2 88 51 81 55 56 31 50 72 54 14 27 6 77 24 60 26 65 49 97 74 45 35 52 46 63 0 96 1 9 79 69 19 23 94 15 8 91 86 84 58 43 3 78 83 29 76 57 22 37 32 44 64 16 99 53 17 42
TEST 41 ARG:2 70 16 0 67 59 52 76 45 65 57 34 56 78 6 74 28 8 12 60 11 58 73 96 27 48 53 62 20 98 81 55 54 10 18 41 66 75 29 95 88 1 31 99 68 38 82 50 23 49 42 71 24 21 3 90 36 7 61 25 44 9 64 84 30 93 77 5 83 35 79 37 87 47 80 39 86 26 85 72 22 32 89 92 46 43 94 13 51 19 69 15 14 97 33 4 91 17 63 40
TEST 42 ARG:64 9 98 56 85 72 26 4 61 49 37 23 20 97 52 73 7 83 15 14 78 16 75 93 13 53 74 55 42 63 5 62 41 36 1 32 57 11 51 79 96 76 31 18 91 30 65 33 35 69 0 45 60 84 99 67 44 47 28 81 43 50 25 46 54 24 66 70 71 12 92 40 6 58 89 27 19 88 22 68 39 3 48 80 29 59 77 38 90 87 8 17 10 95 94 21 82 86 2 34
TEST 43 ARG:72 7 81 85 70 22 20 28 54 21 53 91 1 46 74 93 77 5 47 90 49 2 58 92 66 11 44 31 35 67 89 14 84 23 9 59 38 36 73 82 61 88 39 43 56 64 8 3 97 27 15 6 86 18 68 79 83 33 63 55 52 50 32 19 13 96 45 76 4 12 34 29 87 65 75 37 69 41 25 98 0 80 95 94 30 62 51 57 60 24 40 10 42 48 71 26 78 99 16 17
TEST 44 ARG:98 48 66 62 24 40 1 2 76 59 65 69 99 97 12 9 27 84 19 14 94 32 0 81 36 89 35 57 91 30 26 42 83 86 82 37 70 29 80 16 20 3 6 54 74 95 45 61 5 13 44 60 85 31 77 96 50 78 34 7 28 4 92 71 73 17 10 75 39 93 55 33 53 79 11 8 63 56 18 46 49 47 58 38 51 72 64 88 52 22 25 21 15 41 87 23 67 90 68 43
TEST 45 ARG:36 69 28 35 37 75 44 80 40 70 27 88 16 63 48 61 14 18 99 39 96 19 15 4 72 58 62 89 2 3 7 33 34 22 94 21 64 46 24 77 67 91 41 76 71 31 23 43 95 1 50 68 82 9 25 12 29 30 54 78 57 11 92 53 26 65 20 90 10 85 56 84 42 32 6 87 83 66 59 51 79 98 93 49 74 13 60 45 97 47 8 55 86 5 73 38 17 52 81 0
TEST 46 ARG:80 62 98 41 33 57 89 43 42 32 63 77 39 17 2 11 70 85 31 27 59 44 60 56 97 46 21 5 78 10 26 75 52 0 1 23 35 53 16 47 84 37 61 66 15 3 29 68 12 9 81 14 6 64 20 69 48 79 99 91 95 22 50 76 73 25 8 86 7 38 49 18 40 82 65 88 54 92 90 4 83 24 45 94 30 19 93 55 71 13 74 51 87 67 28 72 36 34 58 96
TEST 47 ARG:7 65 34 23 87 71 46 33 31 3 77 29 79 24 50 5 38 89 53 49 52 10 2 61 70 85 35 27 63 55 76 54 1 66 32 16 84 56 17 44 69 68 43 36 37 74 75 82 26 19 96 58 93 25 91 81 0 97 95 64 30 45 99 9 11 42 40 98 57 8 12 51 78 6 90 88 72 18 86 28 59 22 21 73 20 92 62 47 39 94 67 14 48 4 13 15 83 41 60 80
TEST 48 ARG:61 84 52 45 23 56 35 79 74 87 9 72 7 22 15 68 82 12 80 19 93 13 26 95 98 24 89 57 16 63 65 70 33 54 17 34 83 69 2 21 91 66 43 38 36 30 73 41 51 40 99 42 25 48 76 29 77 97 59 81 71 53 60 44 64 14 58 55 94 10 88 90 85 18 75 32 1 6 27 8 96 28 78 62 37 46 11 86 67 47 4 3 0 31 49 5 50 39 92 20
TEST 49 ARG:94 97 5 41 67 30 12 66 59 55 52 81 4 25 60 73 42 90 31 34 89 39 32 58 38 54 7 78 75 37 3 36 21 80 33 95 44 57 93 26 13 47 40 88 46 65 20 11 14 83 35 45 56 43 27 82 51 91 69 16 96 63 15 9 29 71 17 6 2 1 68 28 99 98 70 24 49 92 50 18 84 62 22 79 76 85 86 8 53 23 48 87 10 77 61 72 19 64 74 0
TEST 50 ARG:15 11 85 22 80 14 8 0 57 25 6 77 62 28 53 76 97 91 33 51 70 2 74 56 18 92 44 58 68 31 64 99 95 93 67 89 63 19 34 46 27 78 90 73 30 71 54 84 5 65 55 29 49 75 21 87 48 50 36 23 1 9 10 37 26 88 72 41 43 39 96 7 17 20 42 16 3 81 13 4 47 86 61 69 83 66 32 35 52 24 59 60 38 40 12 98 79 45 94 82
TEST 51 ARG:67 93 42 26 83 10 44 21 2 50 81 66 25 28 61 89 27 71 57 3 75 19 14 65 96 56 18 7 53 86 73 13 31 30 59 45 97 52 15 20 58 17 79 88 48 78 12 60 91 24 1 35 5 64 76 29 62 37 4 72 6 39 16 32 34 54 95 90 22 85 49 98 38 70 68 82 0 92 36 8 69 46 11 55 47 41 84 77 33 23 63 87 99 9 94 43 80 40 74 51
TEST 52 ARG:33 38 82 64 77 24 28 61 66 8 62 35 44 75 94 30 22 18 59 53 73 69 71 42 81 49 88 46 2 27 99 9 98 40 13 32 52 50 70 4 41 68 14 7 86 25 91 58 45 34 11 84 36 47 80 67 5 1 92 78 0 19 15 21 96 76 31 6 57 20 90 48 39 87 93 79 10 16 60 43 23 72 55 3 37 74 63 26 95 85 56 97 12 51 83 54 17 29 89 65
TEST 53 ARG:50 48 8 49 89 71 37 65 83 36 6 62 91 20 27 79 43 96 25 17 32 40 7 67 3 39 0 75 23 41 84 45 1 80 56 35 13 86 81 5 77 14 52 72 46 33 19 78 2 28 85 94 82 24 99 54 21 34 15 98 47 44 38 12 18 16 66 11 30 90 73 69 55 95 29 57 4 88 92 97 53 61 42 31 76 87 63 10 93 64 26 58 68 51 70 60 59 22 9 74
TEST 54 ARG:43 46 68 85 34 97 72 50 77 73 94 65 90 11 5 14 35 84 66 25 26 82 53 36 24 95 57 52 37 62 33 76 42 63 31 4 74 83 47 30 13 92 60 71 38 41 12 10 70 9 99 21 75 98 16 18 69 49 51 56 61 96 28 22 91 32 54 15 6 93 67 79 59 27 29 88 87 78 81 44 20 40 0 39 89 48 3 8 19 80 2 23 86 64 58 1 7 45 55 17
TEST 55 ARG:41 29 17 82 56 93 6 86 99 90 27 80 89 65 81 45 20 59 61 87 18 98 22 4 76 31 92 11 5 73 25 54 72 71 7 13 14 88 8 50 44 24 63 12 36 79 53 26 77 35 70 55 34 2 0 74 40 15 58 37 3 60 57 48 32 21 95 62 10 96 84 46 64 1 52 97 66 38 94 42 83 67 33 85 47 49 30 19 16 91 43 68 75 9 69 39 51 23 78 28
TEST 56 ARG:88 73 82 92 74 61 25 75 31 67 56 78 58 99 44 76 50 97 85 36 21 49 90 2 94 86 17 84 91 0 14 83 41 69 48 20 87 39 22 1 24 77 30 47 57 55 19 40 62 89 29 37 63 72 95 6 18 9 34 66 23 3 80 42 52 98 12 7 68 59 79 27 54 33 32 51 65 13 53 5 11 15 45 70 93 64 35 4 43 28 10 16 81 38 8 96 71 60 26 46
TEST 57 ARG:91 86 44 49 63 82 35 51 73 7 36 34 29 52 55 4 89 54 77 94 6 41 11 42 13 67 78 28 18 93 97 95 23 20 70 32 48 68 43 8 65 72 33 79 45 53 74 59 57 90 40 24 85 5 14 2 62 46 61 21 1 56 26 69 25 71 64 83 39 96 22 60 88 92 31 37 50 15 84 80 30 3 75 10 47 12 66 98 17 38 0 76 9 99 27 16 87 58 19 81
TEST 58 ARG:18 81 40 60 10 5 61 55 14 31 49 86 13 54 94 75 50 41 46 90 58 76 32 64 65 93 39 22 62 68 47 0 87 27 97 8 74 42 85 17 59 24 82 43 56 77 48 2 98 6 45 57 21 83 79 28 3 7 53 72 91 38 34 35 66 52 30 1 67 33 29 88 84 70 80 99 19 26 16 95 89 63 23 9 51 4 36 25 69 11 78 71 92 12 15 96 44 37 20 73
TEST 59 ARG:52 35 25 58 39 38 63 50 83 76 99 17 15 77 97 29 53 49 28 70 89 43 68 33 60 2 96 19 88 81 31 45 16 80 23 73 46 3 21 75 71 42 10 94 37 93 98 41 40 85 7 55 65 48 59 34 27 86 84 64 20 78 92 9 22 11 24 57 62 26 0 32 74 13 4 12 1 61 67 44 82 18 56 51 30 90 54 66 72 5 69 87 79 95 14 91 8 6 36 47
TEST 60 ARG:88 49 67 39 37 4 5 94 93 7 79 61 16 86 98 83 92 10 50 87 21 48 68 56 73 91 20 26 40 3 31 23 55 57 72 24 32 45 71 44 46 19 63 75 47 25 66 77 41 42 58 18 28 52 85 74 59 11 9 36 54 22 35 80 29 0 1 62 65 97 84 6 82 99 2 69 12 8 96 95 17 81 78 70 13 43 33 60 34 27 89 76 64 15 30 51 53 38 14 90
TEST 61 ARG:37 21 52 51 56 2 68 40 10 25 26 66 48 53 98 4 93 0 46 6 35 75 17 14 5 9 67 72 81 65 44 38 86 73 96 62 23 88 20 50 55 19 89 7 80 27 85 87 77 31 24 57 15 97 30 76 22 59 1 71 13 54 42 58 60 70 82 61 91 28 8 43 99 64 90 74 32 84 78 63 3 95 11 12 39 29 83 45 94 33 41 92 47 49 79 36 16 34 18 69
TEST 62 ARG:1 93 61 4 60 20 85 25 96 56 3 70 18 43 63 82 62 58 23 87 49 79 16 88 47 99 2 29 33 69 0 95 30 94 34 5 14 92 71 12 98 35 40 65 66 77 75 37 80 7 9 55 53 10 89 59 21 86 97 73 48 81 57 38 44 11 17 36 46 15 90 74 32 39 72 27 6 52 91 19 8 54 78 42 76 84 51 68 26 41 67 64 50 83 13 22 28 31 24 45
TEST 63 ARG:10 26 4 47 48 35 34 38 59 63 56 49 65 12 69 36 92 41 16 18 58 0 44 20 53 88 98 5 29 30 94 64 77 79 74 40 32 51 13 19 50 27 3 67 95 52 22 2 9 76 81 89 1 68 57 99 31 83 28 93 60 8 96 71 73 72 43 46 91 75 45 11 84 90 80 66 15 70 78 61 54 86 37 25 6 85 23 87 42 14 24 62 21 82 39 7 97 17 55 33
TEST 64 ARG:87 85 33 41 25 62 0 22 71 60 78 84 83 19 26 52 68 53 77 97 3 12 10 93 27 54 56 59 47 63 28 49 81 39 37 32 11 40 75 45 13 80 31 4 76 44 65 73 34 15 91 35 66 30 29 9 14 72 99 58 51 96 86 57 17 16 92 7 67 88 89 2 70 8 5 95 18 55 43 90 74 21 50 23 36 1 82 38 46 69 42 48 79 98 20 94 61 64 24 6
TEST 65 ARG:35 10 30 47 28 22 41 19 60 15 37 26 56 32 46 57 63 13 81 20 53 24 86 17 8 21 16 29 75 7 74 58 66 61 78 38 98 0 39 45 65 95 59 89 87 52 76 11 33 27 9 36 77 70 18 85 82 99 62 14 54 12 6 72 83 23 71 69 42 43 64 84 73 90 92 50 2 4 94 48 5 25 55 40 93 97 80 51 1 67 96 44 79 31 88 34 68 3 49 91
TEST 66 ARG:73 96 46 30 12 52 50 57 91 64 40 97 79 84 13 15 66 32 18 5 27 35 0 56 28 33 19 89 26 9 24 37 93 99 25 45 53 88 42 61 34 39 85 71 6 48 62 2 69 63 38 81 77 16 1 59 3 20 41 36 90 47 14 55 17 31 75 43 74 67 87 95 80 10 44 54 94 49 8 58 92 21 60 29 70 78 82 23 76 65 11 83 4 7 98 86 72 22 68 51
TEST 67 ARG:95 22 34 70 72 48 26 16 71 47 10 21 36 58 78 75 65 63 8 39 82 64 92 62 17 0 61 91 33 52 11 32 23 55 97 13 40 35 27 4 94 15 43 90 67 81 49 14 93 29 57 51 83 41 85 77 20 99 37 3 19 68 50 56 2 74 12 42 69 76 7 24 59 45 53 88 96 1 5 54 38 25 9 28 86 60 30 66 87 31 84 80 73 44 89 98 79 18 46 6
TEST 68 ARG:99 4 83 84 89 13 10 47 19 57 37 70 5 21 72 46 42 58 79 61 93 35 73 27 77 36 7 11 60 64 78 29 63 16 68 69 17 95 51 34 33 23 45 0 22 39 12 8 28 86 53 3 76 38 40 6 94 18 98 14 90 26 88 82 80 25 55 71 48 56 67 54 74 31 65 1 85 91 62 81 75 66 41 2 96 92 49 44 87 24 59 30 15 9 20 52 43 50 32 97
TEST 69 ARG:91 5 65 98 90 33 83 69 13 67 22 15 94 70 80 8 78 53 45 2 97 85 81 51 20 23 99 64 36 40 96 49 25 43 10 11 17 61 34 38 44 74 21 42 60 63 68 89 55 19 47 14 71 86 35 28 95 50 1 18 84 24 31 75 12 62 79 6 32 88 76 66 27 26 82 77 41 7 37 54 58 59 87 52 29 92 39 16 73 9 3 30 4 57 72 48 56 46 93 0
TEST 70 ARG:21 84 65 3 78 91 47 43 33 53 16 4 69 51 93 88 55 2 1 34 82 27 19 5 94 20 31 42 32 63 66 22 56 23 62 60 74 75 24 6 59 81 76 58 44 15 92 37 73 8 0 96 71 52 41 77 95 28 64 13 36 86 46 17 14 38 12 10 83 89 57 48 68 49 7 25 80 54 50 67 87 35 26 98 40 61 97 39 30 72 90 79 85 70 18 45 11 9 99 29
TEST 71 ARG:22 67 1 98 68 60 32 72 50 39 88 81 24 3 8 27 95 13 58 30 29 97 45 46 87 7 65 6 41 90 36 99 79 86 52 51 34 14 53 84 9 89 10 23 63 94 38 43 55 20 21 74 80 44 66 33 37 91 83 82 40 96 25 0 56 57 59 49 26 85 62 64 35 73 93 70 71 5 11 17 4 61 92 76 69 2 77 42 31 16 19 54 48 78 12 75 28 15 47 18
TEST 72 ARG:81 86 15 63 20 35 9 34 1 90 42 76 30 89 78 37 70 59 2 5 40 29 99 80 47 22 56 60 6 75 95 65 57 41 19 23 68 45 8 55 79 28 87 93 73 18 48 85 66 58 7 38 32 69 82 33 88 62 98 61 44 74 46 10 53 26 91 17 12 4 31 50 24 97 49 11 52 96 3 77 64 21 71 84 94 92 14 16 0 25 36 83 27 43 51 39 13 67 72 54
TEST 73 ARG:83 45 48 54 96 71 66 47 40 93 11 13 92 76 19 18 87 43 33 25 61 6 22 14 27 38 1 73 86 67 9 64 32 39 52 2 94 10 78 46 21 59 72 62 3 75 91 81 34 68 53 16 99 90 74 55 12 97 31 23 30 44 51 65 70 0 98 17 85 15 82 57 24 58 95 69 42 35 84 56 41 49 7 79 60 63 77 89 8 50 20 37 80 36 28 26 4 29 5 88
TEST 74 ARG:95 80 66 39 74 5 92 71 67 54 0 17 70 65 44 72 16 9 60 27 57 78 59 32 77 63 50 88 81 75 33 21 25 26 29 34 64 46 93 36 79 18 19 85 8 98 61 1 47 11 87 94 3 4 41 58 89 51 56 40 96 38 49 23 2 91 55 76 62 20 28 84 82 12 7 6 13 68 14 30 37 15 86 35 45 24 43 48 53 31 22 10 99 73 90 83 42 69 97 52
TEST 75 ARG:31 95 56 55 2 19 46 21 84 52 12 73 15 58 51 8 14 35 23 79 16 18 83 28 99 92 91 82 34 1 49 94 38 44 29 85 42 11 96 97 67 22 66 33 6 25 4 76 50 40 5 80 60 3 62 68 57 27 98 45 43 77 72 75 41 30 47 69 37 70 93 87 63 39 74 48 26 24 86 54 64 78 17 7 71 0 88 36 65 81 53 59 89 90 61 9 10 13 20 32
TEST 76 ARG:26 89 19 1 47 60 13 39 50 38 71 28 74 88 76 36 58 23 18 95 86 92 79 96 98 34 62 9 12 87 48 30 27 51 31 55 78 41 5 20 99 97 15 73 32 64 54 63 80 53 67 72 45 84 37 93 57 70 59 85 42 24 81 94 52 91 83 2 49 61 7 65 14 3 46 40 8 25 16 35 43 44 21 17 90 77 66 75 82 6 33 29 22 69 10 68 0 11 4 56
TEST 77 ARG:37 61 57 68 25 30 26 73 56 55 2 42 78 14 1 97 60 27 84 96 83 5 81 38 94 99 51 62 47 13 89 80 87 98 10 88 67 34 39 12 65 85 50 6 4 69 16 93 33 22 8 31 9 59 17 7 18 21 36 44 74 53 24 82 76 70 32 19 28 35 43 29 72 58 75 15 3 77 66 45 49 79 91 63 40 48 54 86 90 0 52 95 23 92 20 71 46 64 41 11
TEST 78 ARG:25 52 64 55 66 63 84 78 0 49 57 11 79 9 98 74 1 69 45 83 58 86 81 54 20 89 95 29 35 53 62 94 44 2 99 22 24 50 61 46 23 39 93 59 28 36 3 32 6 27 34 41 43 12 8 7 92 10 21 70 26 56 14 19 5 96 80 60 76 31 85 67 37 15 72 71 33 91 68 88 4 18 42 77 87 48 75 40 17 16 13 73 90 51 65 82 30 97 38 47
TEST 79 ARG:35 7 79 29 83 76 0 41 55 51 97 99 98 12 15 71 69 4 9 73 16 70 57 48 42 3 2 67 53 20 78 30 66 61 28 6 13 88 47 19 92 52 44 39 8 64 26 60 80 10 25 54 68 1 86 63 18 81 17 77 87 84 46 33 85 11 32 49 75 31 14 93 45 94 37 58 91 24 89 21 96 23 59 95 36 82 34 65 22 74 40 43 72 27 5 50 90 38 62 56
TEST 80 ARG:80 92 38 86 19 18 88 34 40 94 60 96 22 95 45 62 12 28 35 87 98 15 61 32 75 6 93 13 20 11 27 26 66 69 29 39 70 24 71 7 8 54 41 50 82 59 1 51 5 43 4 83 64 97 53 21 23 58 65 52 31 16 76 81 17 47 49 99 68 89 3 57 90 36 56 84 63 67 42 25 0 9 79 44 74 77 55 72 30 10 78 73 85 14 48 91 46 33 37 2
TEST 81 ARG:84 45 83 20 61 38 10 24 92 21 17 52 55 40 93 98 50 11 99 36 59 62 81 82 15 80 67 58 12 78 2 0 35 65 68 31 42 72 49 76 60 97 79 87 23 85 8 28 94 86 16 88 18 9 69 75 3 53 91 77 96 66 37 29 46 57 14 34 63 90 4 54 22 19 6 95 51 5 25 33 7 71 74 43 64 39 70 48 30 47 44 73 27 89 56 32 1 41 13 26
TEST 82 ARG:75 70 60 33 40 77 56 14 37 0 97 30 15 13 92 22 71 90 81 4 85 25 29 72 99 89 31 61 38 64 7 68 3 26 34 17 28 36 95 45 62 51 12 63 52 46 57 39 83 54 53 23 47 20 41 66 48 55 86 91 35 6 16 65 76 98 2 19 80 96 44 84 74 9 50 69 18 79 49 1 78 94 5 27 21 88 58 87 73 11 43 24 67 42 32 82 93 8 59 10
TEST 83 ARG:91 96 40 0 23 94 15 34 67 37 97 99 41 66 38 13 4 92 8 44 75 32 3 39 59 42 19 47 56 6 48 2 80 46 53 85 81 31 60 9 33 71 78 70 61 74 69 1 88 55 64 28 10 72 51 22 25 93 65 35 36 43 87 14 29 77 86 52 90 5 24 20 98 76 26 11 62 27 57 95 16 45 63 83 17 82 89 49 54 12 68 18 84 50 58 73 21 7 30 79
TEST 84 ARG:67 91 70 59 85 27 33 52 53 82 54 48 22 25 14 50 11 16 1 72 90 66 69 43 10 75 81 46 9 49 51 89 58 77 36 47 62 15 5 97 40 7 12 30 88 3 95 92 34 93 13 98 96 78 2 42 38 4 84 35 55 45 37 63 83 32 60 44 86 61 65 18 73 94 71 68 56 79 21 8 26 31 39 74 87 29 57 24 0 19 28 23 80 41 64 99 76 17 20 6
TEST 85 ARG:3 36 34 31 74 2 94 35 85 4 43 72 25 21 69 81 86 8 10 66 92 0 22 50 84 39 80 30 54 70 79 99 23 6 59 27 46 76 82 52 44 20 71 95 1 93 49 26 90 63 7 15 40 53 32 45 62 64 18 17 55 73 89 78 88 77 16 41 9 67 87 28 29 37 51 61 58 47 91 75 12 14 24 38 96 5 83 13 33 68 60 56 98 11 19 42 57 65 48 97
TEST 86 ARG:85 53 57 31 77 12 67 32 79 5 18 55 86 16 1 64 76 21 11 46 36 40 51 90 49 80 70 27 34 15 43 54 58 4 81 0 88 61 60 72 50 23 48 37 26 19 89 56 82 63 84 95 87 10 45 96 22 68 66 93 99 20 69 29 62 98 7 3 44 14 17 59 24 71 65 6 47 33 92 83 94 75 78 42 2 38 97 28 41 73 30 13 25 52 9 39 8 35 74 91
TEST 87 ARG:33 94 60 19 96 91 54 10 67 24 87 65 12 42 49 31 90 89 34 17 57 43 81 71 35 28 29 88 85 1 50 51 79 82 52 37 59 9 20 30 93 48 3 47 95 86 6 38 18 92 61 72 73 62 4 11 32 75 64 98 97 41 53 36 66 2 39 77 83 56 26 5 16 44 55 23 76 15 40 25 68 80 13 27 84 7 70 78 99 69 0 46 8 45 22 58 63 21 74 14
TEST 88 ARG:88 81 57 76 90 55 58 79 14 56 89 67 19 4 51 42 44 16 29 78 53 83 30 36 37 52 62 64 86 15 96 71 50 25 65 84 87 33 32 38 66 68 85 43 74 59 11 75 48 17 12 77 91 22 94 7 46 39 41 28 60 10 27 73 97 31 98 93 63 5 45 49 34 47 20 92 26 13 40 18 54 82 99 61 0 3 9 24 80 72 23 95 35 2 69 21 8 70 6 1
TEST 89 ARG:70 33 50 90 79 52 63 58 54 12 24 26 7 81 5 4 3 55 46 8 66 42 53 69 25 61 85 19 75 34 72 14 48 49 56 32 20 6 41 28 84 88 18 94 13 65 57 35 23 38 1 45 97 62 80 39 0 11 91 67 10 30 2 29 47 43 86 71 76 68 78 64 51 44 89 93 87 83 36 22 59 92 60 77 74 16 9 15 95 31 82 99 21 98 73 96 27 37 40 17
TEST 90 ARG:71 44 93 40 60 27 72 96 42 50 82 41 14 16 47 65 61 70 78 28 7 1 49 46 18 31 53 83 2 6 97 85 29 79 76 15 55 3 59 32 73 98 23 57 33 22 64 56 4 68 35 88 26 19 66 52 39 92 86 63 5 74 90 37 12 43 34 75 8 62 38 13 77 99 45 87 20 24 10 36 69 80 30 89 11 95 94 21 54 48 91 51 0 81 9 84 25 58 17 67
TEST 91 ARG:66 45 75 71 55 73 14 7 40 58 92 3 57 19 77 15 54 70 30 4 98 31 80 13 33 41 28 99 69 42 68 51 89 36 39 48 53 46 17 79 90 25 9 87 78 62 49 82 37 1 91 96 16 38 26 74 83 5 59 44 61 88 34 11 97 94 2 52 29 43 67 12 86 56 6 76 50 65 0 93 21 35 72 23 47 32 24 27 10 64 18 63 81 8 95 85 22 84 60 20
TEST 92 ARG:27 4 38 13 62 21 95 93 64 81 29 49 63 22 9 55 60 91 28 65 44 51 61 80 66 25 92 47 31 2 59 70 42 73 37 79 23 10 68 17 85 50 88 97 18 32 72 75 86 35 15 26 6 99 36 53 5 8 3 83 19 87 94 0 77 71 7 11 89 82 39 76 98 67 24 56 20 33 45 57 69 96 54 1 46 34 16 52 58 30 40 74 48 43 90 78 14 84 41 12
TEST 93 ARG:28 15 50 2 23 82 67 22 49 35 99 58 63 34 25 72 44 43 54 17 14 83 95 86 65 16 74 10 26 81 36 78 80 57 8 21 0 13 92 79 71 46 45 66 3 70 40 18 96 61 27 87 60 11 59 37 88 30 73 7 4 75 29 56 1 47 9 41 19 6 64 94 52 76 20 84 69 90 68 85 38 32 97 33 55 91 5 24 77 98 53 31 51 42 12 39 89 48 62 93
TEST 94 ARG:47 22 2 18 94 38 79 0 78 89 61 66 28 8 63 48 96 37 54 58 31 86 65 13 64 26 43 10 33 35 80 62 36 77 85 30 45 40 55 9 82 92 46 12 14 39 88 17 15 68 34 99 60 1 44 83 70 25 93 98 95 53 97 27 57 59 41 90 84 91 87 49 69 19 42 51 24 4 16 56 73 29 20 67 75 52 32 21 72 7 3 11 74 76 6 5 71 23 81 50
TEST 95 ARG:88 91 42 44 16 27 1 66 50 90 11 75 10 74 24 26 68 39 47 14 8 17 22 64 3 41 38 21 67 23 92 33 18 2 32 19 86 13 63 49 57 30 73 94 80 9 15 53 83 28 93 77 54 20 46 48 56 36 51 25 72 52 65 60 71 37 96 82 35 43 0 76 45 97 89 85 55 79 62 59 99 81 84 61 95 4 5 87 58 6 98 7 69 78 29 34 40 12 31 70
TEST 96 ARG:88 21 95 7 55 36 11 0 65 9 32 37 63 23 53 8 74 58 60 77 5 25 51 62 22 35 59 98 40 61 27 45 31 93 92 13 24 46 43 73 67 44 78 54 49 66 15 19 76 89 18 30 68 39 1 97 56 12 64 41 20 48 79 26 69 34 38 84 72 14 57 70 6 96 91 17 87 16 2 29 86 80 10 3 71 82 28 42 83 90 4 50 75 81 47 94 33 99 52 85
TEST 97 ARG:70 68 75 38 66 37 24 48 40 46 12 73 23 29 67 26 99 69 17 55 76 21 59 27 15 19 18 34 51 5 65 84 28 78 20 81 60 58 83 43 52 0 53 91 64 89 45 4 8 50 62 77 44 54 95 7 56 86 94 49 88 87 47 35 71 22 63 72 96 92 16 80 98 30 6 74 41 42 93 79 13 31 10 14 97 39 9 3 25 90 11 36 2 61 33 57 85 32 82 1
TEST 98 ARG:26 76 88 55 17 86 37 42 36 67 56 57 15 54 18 73 91 35 87 8 40 75 33 16 94 11 6 27 7 32 20 49 98 82 81 53 72 39 77 34 61 92 68 2 71 10 64 97 1 9 38 85 51 90 5 24 46 43 80 70 69 65 19 13 23 45 50 95 74 60 89 4 83 14 66 84 47 12 41 59 52 30 21 99 96 44 93 3 58 62 28 0 79 29 63 25 78 31 48 22
TEST 99 ARG:16 87 11 39 57 66 96 21 29 86 14 15 37 35 43 3 78 13 8 91 90 98 95 77 51 81 54 25 52 61 79 26 76 44 93 38 10 67 75 46 64 1 92 70 71 23 58 56 62 24 22 47 34 33 85 42 73 60 83 94 28 45 31 63 97 53 72 50 32 18 55 4 17 99 36 40 7 80 20 6 74 48 2 68 9 30 5 65 69 84 59 49 89 41 12 19 0 88 82 27
TEST 100 ARG:45 88 3 36 12 70 86 20 11 5 24 38 69 6 90 52 49 32 84 63 57 43 75 17 68 60 74 97 40 51 47 15 13 22 66 80 2 89 18 31 82 72 10 35 59 79 30 83 46 92 44 16 42 98 37 25 64 95 55 34 14 21 94 81 33 1 85 71 76 7 8 93 48 26 28 23 58 61 77 39 91 9 65 78 41 96 19 0 62 50 54 67 27 4 73 87 53 29 99 56
TEST 101 ARG:89 4 50 93 3 70 78 69 96 54 22 60 92 72 59 11 16 29 7 90 38 42 86 47 17 99 12 95 81 46 71 56 80 57 10 73 43 88 64 39 20 15 5 9 63 67 37 34 94 62 74 28 35 49 53 68 0 75 83 36 13 14 33 2 85 23 48 44 32 98 97 18 51 52 77 41 25 79 65 19 27 76 91 45 40 82 24 66 1 84 30 26 55 8 31 21 61 6 58 87
TEST 102 ARG:74 54 40 7 16 35 42 31 56 15 80 38 77 9 65 22 84 94 85 72 99 79 44 6 10 20 87 28 34 92 66 41 68 25 96 61 1 88 69 43 53 82 73 83 60 93 70 48 46 4 12 37 75 49 13 90 52 17 32 27 76 86 26 47 91 98 2 51 97 81 5 63 36 45 78 95 59 14 19 24 11 89 67 8 71 18 23 33 57 0 39 50 62 29 58 3 64 21 55 30
TEST 103 ARG:32 97 92 64 54 59 67 28 5 17 26 13 11 7 53 80 3 79 38 1 49 58 60 31 0 6 51 65 57 52 77 47 56 88 22 29 30 40 83 70 74 85 99 48 63 16 14 46 78 36 90 66 18 34 15 94 69 10 44 81 41 61 21 82 45 73 23 91 55 43 75 87 37 95 20 50 33 42 25 9 62 19 68 84 4 27 72 12 89 98 2 96 35 8 71 93 39 76 86 24
TEST 104 ARG:0 46 83 5 73 10 86 30 47 23 95 27 39 22 78 75 21 66 90 11 8 61 82 76 50 81 58 13 91 71 41 3 99 12 18 98 29 38 31 72 56 94 2 4 36 65 57 54 45 7 88 87 6 35 55 16 52 80 67 74 33 62 17 93 51 20 92 1 32 77 9 60 97 25 85 49 53 79 40 64 84 37 26 28 68 48 89 69 43 96 19 42 70 44 15 14 63 59 24 34
TEST 105 ARG:79 20 91 88 23 13 41 52 34 70 42 32 40 17 72 58 86 69 49 87 98 11 84 56 47 74 5 61 54 89 68 71 81 0 51 50 14 77 45 43 10 16 36 76 53 9 8 24 4 75 39 59 65 99 90 22 85 18 2 83 27 82 31 6 63 25 62 12 30 44 29 26 93 67 95 33 46 66 57 3 37 35 38 97 55 48 64 73 60 7 96 92 19 28 1 94 78 21 80 15
TEST 106 ARG:65 66 28 55 56 87 72 6 62 80 10 1 30 91 57 29 12 38 21 3 67 64 24 44 99 94 37 42 63 51 68 41 43 45 60 90 61 11 96 2 89 49 75 19 7 32 0 13 20 46 47 36 27 9 98 93 97 95 8 88 33 52 25 23 78 76 16 26 17 85 31 77 86 79 92 53 54 73 39 71 4 58 82 22 50 40 48 18 74 83 34 84 81 14 35 69 15 59 5 70
TEST 107 ARG:9 13 96 76 44 64 28 46 24 6 25 69 67 65 39 75 43 98 42 91 17 82 78 72 68 55 41 93 58 5 89 97 87 3 23 7 21 27 20 63 80 40 26 79 15 88 86 32 45 34 18 95 1 36 59 94 66 54 99 0 70 60 35 52 92 85 83 47 84 33 81 10 73 4 38 48 90 71 31 56 22 61 2 57 50 19 16 12 77 37 74 62 53 8 49 11 51 29 30 14
TEST 108 ARG:37 70 20 91 11 43 25 18 93 24 85 86 29 2 12 1 69 61 60 13 46 33 78 65 59 31 40 52 77 62 3 34 39 73 22 21 72 56 7 74 27 55 49 26 17 88 32 41 14 92 79 97 84 5 81 94 8 36 99 16 89 44 98 38 30 64 87 47 90 71 58 66 23 51 48 80 76 0 42 45 63 67 83 54 4 28 75 10 57 9 53 19 35 15 6 68 82 95 96 50
TEST 109 ARG:73 64 51 65 40 87 45 29 98 19 76 54 83 15 97 5 9 7 93 30 18 34 77 6 43 56 42 85 95 41 96 39 50 8 80 24 66 84 62 11 2 92 44 70 68 31 72 32 89 49 82 59 57 88 37 78 20 52 71 27 16 91 74 61 81 46 55 79 23 21 4 58 13 60 48 28 14 99 22 17 47 1 35 10 86 33 69 26 53 25 0 75 38 90 12 94 3 36 63 67
TEST 110 ARG:67 51 70 34 3 19 98 90 80 6 28 58 72 89 40 1 74 33 73 53 27 63 25 22 41 31 17 2 99 96 23 11 18 46 91 60 71 61 48 88 14 69 68 50 65 57 42 75 59 8 37 5 77 29 4 36 84 0 55 38 52 66 44 76 7 56 30 95 15 43 21 20 16 26 94 64 92 78 62 87 35 79 86 39 82 93 49 9 10 85 81 45 97 54 13 83 24 32 12 47
TEST 111 ARG:88 60 81 1 62 49 75 47 3 92 46 29 37 84 35 71 38 10 80 79 34 93 45 16 78 95 57 15 6 24 90 64 12 63 28 99 31 96 48 40 53 87 13 68 8 22 61 36 73 44 58 67 83 65 2 98 54 18 30 41 26 11 50 94 27 9 17 39 33 51 32 5 23 59 21 0 19 74 86 97 89 14 72 43 4 42 76 91 82 55 77 7 85 52 56 69 20 70 25 66
TEST 112 ARG:11 40 10 82 85 12 97 33 95 76 30 51 44 58 83 71 18 32 37 92 49 22 55 21 8 29 74 84 27 46 25 62 96 75 43 94 39 26 90 67 69 28 13 65 89 60 64 63 36 87 45 86 19 91 9 31 99 77 80 98 68 88 6 48 41 0 23 5 7 56 93 3 20 73 81 16 1 47 61 4 42 2 54 24 57 53 15 17 59 66 38 34 79 14 78 35 70 52 50 72
TEST 113 ARG:18 63 44 17 49 91 59 73 97 98 22 51 11 70 64 37 20 36 47 48 2 85 4 28 77 55 81 76 93 38 14 30 42 50 87 29 31 82 74 12 52 3 99 23 39 83 19 75 71 15 65 13 35 54 66 5 7 90 6 0 16 95 61 67 84 45 89 56 96 53 72 32 41 27 40 94 10 80 58 46 79 25 57 62 21 26 34 78 9 92 86 69 60 1 88 24 68 8 43 33
TEST 114 ARG:71 67 11 52 72 43 16 94 36 77 69 18 99 74 64 81 68 25 23 95 19 45 88 10 66 92 33 76 4 61 91 8 22 6 90 7 24 97 50 98 85 46 27 58 14 84 48 87 51 29 35 17 96 56 21 0 65 37 49 70 79 62 30 26 82 60 93 40 2 34 78 39 63 53 73 86 32 1 5 13 31 89 20 47 80 57 41 75 83 55 28 59 15 38 54 3 12 44 9 42
TEST 115 ARG:69 32 84 88 37 49 59 0 82 95 33 50 48 10 40 16 29 23 52 19 80 15 87 66 20 75 17 25 42 18 24 76 58 97 1 44 8 96 56 6 92 3 13 91 57 98 11 7 2 71 60 79 55 27 94 62 61 86 47 51 26 28 64 22 73 85 77 35 72 78 41 43 21 74 54 30 36 34 83 12 53 68 38 93 9 39 4 63 90 45 5 67 99 14 46 65 70 81 89 31
TEST 116 ARG:33 76 49 97 7 52 70 46 40 92 58 45 80 65 12 2 4 9 68 29 83 42 43 19 96 1 36 11 13 59 85 23 79 94 74 71 51 69 41 53 66 5 3 16 54 18 10 73 78 24 89 34 17 39 50 8 20 38 22 77 57 98 28 90 27 72 6 30 25 60 31 35 88 63 0 95 91 62 56 64 84 21 67 47 99 93 55 86 32 37 87 26 75 14 82 81 61 48 44 15
TEST 117 ARG:36 44 15 89 14 98 52 65 85 41 38 99 18 95 74 43 5 87 45 79 1 19 2 60 86 31 80 16 17 78 0 70 72 34 42 76 73 22 84 32 49 92 83 12 64 7 10 54 3 39 67 48 61 50 62 56 33 23 97 94 77 4 59 27 96 21 20 46 63 90 82 93 88 8 68 51 40 53 58 25 57 81 71 26 66 29 24 37 91 75 30 47 55 35 13 9 11 28 6 69
TEST 118 ARG:45 32 47 10 20 99 68 69 56 71 3 82 30 62 7 25 43 93 41 49 76 90 18 83 95 0 92 51 35 8 65 42 23 80 81 28 6 60 36 9 38 84 33 79 57 37 85 26 53 75 4 27 31 1 86 63 15 54 48 66 22 87 40 67 55 17 19 29 14 64 13 61 50 91 73 2 72 74 98 5 39 77 52 59 46 16 88 44 89 96 24 34 97 58 21 94 11 78 12 70
TEST 119 ARG:19 53 67 92 40 15 42 48 93 90 6 63 29 59 21 62 32 22 96 14 47 70 18 33 56 72 86 52 38 34 46 4 8 45 50 37 89 5 24 0 80 23 35 84 94 58 87 1 71 79 78 26 61 44 88 20 39 81 12 66 99 97 11 49 16 17 82 91 54 7 13 51 95 10 65 76 28 75 69 30 57 85 25 3 74 60 83 36 73 64 98 43 9 27 2 55 77 41 68 31
TEST 120 ARG:17 54 36 90 74 33 78 59 39 21 98 87 92 6 46 14 96 43 63 62 58 31 77 18 89 66 27 47 94 12 24 38 34 13 82 8 51 7 41 15 23 73 44 67 99 76 35 5 55 52 50 84 49 9 93 72 86 16 65 48 29 83 42 22 64 53 95 0 70 85 10 80 60 37 97 61 11 69 2 26 20 45 32 79 25 30 68 91 71 3 4 81 75 28 40 19 88 1 56 57
TEST 121 ARG:95 56 28 15 2 33 71 89 6 75 23 39 94 32 40 52 77 12 90 0 7 85 73 53 59 3 68 63 35 9 51 82 54 41 57 72 44 60 5 47 81 22 84 24 50 55 25 70 98 66 8 46 31 99 49 91 42 30 97 64 67 19 10 48 86 21 62 65 61 1 80 79 69 13 74 11 29 87 92 93 20 18 38 96 37 4 26 43 14 16 76 88 27 17 78 34 36 58 45 83
TEST 122 ARG:73 36 24 20 13 0 85 5 54 44 33 69 11 14 95 64 9 1 51 40 23 6 99 66 62 93 89 29 18 46 76 19 74 17 7 41 60 91 15 59 45 55 49 72 87 43 86 61 90 12 4 30 22 63 88 25 92 79 70 42 94 50 56 47 52 97 71 35 39 34 96 75 28 57 81 77 80 67 10 3 53 31 98 8 83 78 16 32 27 58 68 48 2 26 37 21 84 38 82 65
TEST 123 ARG:78 67 82 65 80 1 18 76 32 60 28 88 27 49 79 54 86 69 91 68 64 73 89 46 56 74 8 85 16 70 22 17 51 21 92 81 34 58 94 53 25 31 50 62 55 83 33 14 57 3 30 77 2 87 19 66 72 44 26 13 15 38 36 23 95 45 24 0 35 98 12 48 84 6 11 41 47 9 37 29 71 39 75 4 5 99 52 93 61 20 63 59 42 43 40 90 97 96 7 10
TEST 124 ARG:10 28 6 40 19 98 89 35 82 92 3 69 94 99 50 91 37 47 85 12 49 84 76 7 20 44 67 64 8 16 54 57 79 59 62 18 63 87 66 56 97 52 22 4 38 75 5 34 17 36 90 33 96 80 72 61 1 60 95 29 24 41 39 55 27 42 81 78 14 26 0 30 9 74 71 58 25 21 70 88 15 32 2 43 77 48 31 53 46 86 93 45 68 23 65 51 73 83 11 13
TEST 125 ARG:72 73 51 38 29 95 18 5 75 48 9 90 44 7 65 43 37 21 2 85 1 12 41 20 3 87 96 19 0 78 10 66 4 15 97 81 74 42 16 70 56 76 71 60 33 13 46 26 17 99 64 55 57 93 28 31 59 91 39 54 83 34 32 40 89 47 68 52 69 94 61 58 92 11 63 62 80 53 50 45 88 86 23 22 67 6 79 27 84 30 36 82 14 25 35 24 98 49 77 8
TEST 126 ARG:41 17 1 55 69 36 94 15 52 99 32 34 11 48 59 70 44 45 95 92 75 35 66 12 54 51 60 8 2 81 10 31 49 21 6 65 78 22 68 28 53 93 76 13 46 56 9 18 79 43 80 88 40 67 87 33 37 26 30 84 23 38 83 42 73 50 85 71 58 24 96 39 98 4 74 82 72 25 57 97 47 61 77 14 89 19 27 3 91 64 62 0 86 7 29 20 16 5 63 90
TEST 127 ARG:1 10 99 87 46 41 80 83 47 58 15 50 56 57 63 55 35 8 51 20 92 17 70 90 67 79 91 89 4 95 72 6 3 60 39 54 37 77 75 53 42 74 59 73 78 26 23 28 65 44 24 69 82 96 84 68 31 7 14 16 61 38 13 64 32 66 71 94 98 29 18 34 52 45 43 62 5 9 30 2 0 25 76 36 22 11 19 48 49 88 85 40 33 27 21 86 97 12 81 93
TEST 128 ARG:10 11 66 60 41 57 90 45 64 13 38 65 42 81 59 53 54 20 34 24 19 8 33 63 52 70 97 43 92 49 72 46 0 30 32 23 16 76 68 14 87 21 84 40 83 51 37 6 69 80 31 88 29 86 15 62 99 94 58 50 48 78 2 5 27 73 26 55 25 28 93 18 79 7 9 17 61 67 1 82 4 22 77 98 35 12 85 39 71 44 3 56 47 74 91 89 96 36 95 75
TEST 129 ARG:3 95 56 20 97 60 79 81 15 94 44 19 67 46 47 70 23 0 25 98 86 65 29 30 22 40 80 90 82 1 39 53 72 16 17 8 77 52 68 84 43 32 26 78 88 9 31 37 69 57 4 85 96 89 7 12 76 38 92 50 87 48 33 74 59 11 18 63 58 61 14 71 10 55 62 34 49 42 36 91 64 73 83 24 51 28 27 5 41 54 75 93 99 2 6 45 21 66 35 13
TEST 130 ARG:47 42 16 56 99 94 27 2 19 82 40 54 1 24 58 14 41 13 30 78 23 59 50 87 11 10 75 12 36 88 44 76 67 61 72 64 97 96 31 5 81 48 69 38 90 89 93 66 53 4 43 65 85 71 34 55 83 79 45 22 92 52 25 49 6 9 17 68 7 84 86 37 0 91 8 33 57 63 26 21 15 35 70 20 32 29 98 3 18 74 95 46 77 80 51 60 28 62 39 73
TEST 131 ARG:49 14 65 61 6 2 94 19 76 89 90 95 69 83 87 59 52 86 41 31 62 51 81 35 16 22 4 73 21 12 38 3 36 30 55 84 40 96 5 32 8 88 77 25 80 63 45 79 11 85 39 75 43 92 33 47 56 54 93 50 20 34 28 70 68 10 24 97 74 0 58 64 18 60 15 23 46 48 57 42 99 29 72 26 67 82 44 78 37 1 53 66 9 27 13 7 17 91 98 71
TEST 132 ARG:63 3 90 98 71 33 34 92 75 21 82 95 79 66 1 28 8 54 38 2 31 55 74 14 9 69 11 70 67 35 22 88 64 80 99 24 65 23 89 84 39 97 62 27 68 56 76 45 85 5 50 36 43 13 61 16 37 0 41 72 53 20 59 40 49 91 57 6 86 12 60 10 30 29 47 46 78 4 42 25 44 58 83 7 87 96 19 26 93 81 52 17 51 32 94 15 48 77 18 73
TEST 133 ARG:45 85 70 25 5 63 47 89 80 91 61 77 33 90 50 41 2 18 16 59 8 56 58 27 6 66 38 35 55 37 53 19 39 93 96 69 87 84 76 17 71 44 20 68 86 15 75 64 1 34 28 78 31 95 48 4 30 24 52 54 74 13 40 29 3 62 92 21 88 65 23 73 11 99 82 14 26 9 67 22 60 51 81 49 57 83 46 12 79 36 94 72 10 43 0 97 98 42 7 32
TEST 134 ARG:98 20 53 26 23 19 9 91 7 2 86 18 65 28 11 16 46 54 44 71 57 95 8 39 4 32 52 89 6 82 37 55 92 87 48 29 97 5 84 60 64 13 72 85 77 76 43 70 66 63 47 17 1 96 24 25 62 12 21 59 35 56 38 42 49 61 81 45 34 79 88 50 31 14 58 68 15 74 36 94 22 0 30 90 27 80 3 69 93 41 10 83 51 40 33 99 73 67 75 78
TEST 135 ARG:78 38 83 27 88 90 51 43 35 10 69 25 61 24 73 32 3 54 26 81 1 20 34 64 19 53 49 16 31 21 39 87 91 63 84 22 75 96 11 95 72 13 97 40 56 12 89 47 6 86 15 94 82 67 2 66 30 14 79 52 45 48 98 37 62 9 99 18 85 36 5 65 70 41 44 68 28 77 74 33 46 57 93 58 92 55 29 59 80 23 17 50 71 42 7 60 4 8 76 0
TEST 136 ARG:79 74 31 86 53 21 46 24 94 50 23 59 44 27 10 43 66 69 60 97 30 99 33 55 96 39 17 93 38 72 1 26 29 49 73 98 91 63 11 75 85 19 28 61 70 15 87 51 5 12 8 36 42 67 84 14 56 48 47 32 80 95 54 41 76 18 77 52 83 89 90 45 64 7 81 88 37 68 71 16 78 92 0 20 62 82 6 35 13 4 3 2 65 40 22 9 57 25 58 34
TEST 137 ARG:55 67 64 48 74 60 12 51 83 87 29 24 46 54 85 88 17 4 93 13 75 79 0 70 21 10 99 35 97 52 9 6 42 95 34 11 98 8 96 57 36 37 27 30 26 82 62 44 94 89 41 76 68 92 7 81 86 65 56 71 40 5 31 32 45 69 33 66 61 72 47 58 50 18 14 84 20 25 53 22 59 77 43 73 63 49 1 23 38 91 3 19 78 16 39 15 2 90 80 28
TEST 138 ARG:3 51 31 28 46 54 19 60 44 98 88 36 59 82 11 25 33 5 39 20 80 70 68 62 8 27 61 97 9 57 78 87 50 14 65 89 53 34 15 2 76 10 37 6 41 21 4 96 1 84 64 0 38 94 99 32 22 56 74 55 85 24 86 83 81 30 93 45 75 77 79 40 67 71 18 91 29 35 69 16 42 17 47 73 12 49 48 7 66 58 95 63 13 43 92 72 52 23 26 90
TEST 139 ARG:47 64 74 66 75 35 18 98 33 14 46 40 97 42 28 24 25 23 7 21 4 29 59 69 72 70 27 30 84 43 88 61 50 48 13 76 3 60 45 5 51 32 79 2 89 99 6 78 62 38 73 67 15 34 54 93 11 90 0 86 37 12 9 94 56 65 80 68 26 19 71 16 31 57 95 87 8 96 63 53 17 77 10 22 81 39 82 52 41 85 36 58 92 55 20 49 44 91 83 1
TEST 140 ARG:58 86 20 65 79 97 52 33 84 90 60 93 16 61 76 7 35 17 46 28 72 48 9 69 62 73 82 37 26 12 47 10 68 91 32 5 77 40 45 43 57 53 71 64 87 24 98 85 31 25 67 30 19 42 94 56 36 63 78 88 13 39 99 18 55 59 2 1 38 54 92 66 21 27 44 96 34 8 4 89 23 75 41 95 83 11 29 22 0 51 6 14 50 74 80 49 15 81 70 3
TEST 141 ARG:97 90 2 67 9 11 3 39 46 22 99 76 68 44 20 41 85 43 28 95 38 24 75 66 8 77 55 56 98 78 72 53 17 49 21 35 82 37 96 91 40 79 62 13 18 84 14 50 16 87 58 93 25 65 59 5 4 83 51 86 60 10 70 63 94 32 89 88 42 12 69 48 31 15 23 64 81 33 92 7 71 1 61 57 47 45 52 30 26 6 0 27 73 54 80 36 74 34 29 19
TEST 142 ARG:66 89 62 60 55 98 16 77 93 76 39 45 33 12 83 50 38 51 74 4 85 95 64 67 42 52 81 1 40 57 84 49 27 91 58 99 3 41 73 88 68 87 47 96 78 18 2 31 37 13 82 10 46 80 11 7 19 17 20 94 48 26 23 9 75 65 44 72 34 5 22 69 36 32 35 59 28 54 97 14 21 0 30 86 25 24 63 70 56 61 90 79 15 71 29 92 6 43 53 8
TEST 143 ARG:53 34 52 43 24 99 46 31 88 23 42 17 27 67 30 77 8 82 1 50 56 74 91 83 97 6 72 54 95 5 13 98 64 76 39 96 26 37 32 36 11 21 93 68 12 71 9 92 14 7 49 81 20 60 61 45 33 69 59 40 78 44 29 22 63 2 51 85 47 62 4 0 18 25 84 57 35 75 90 73 15 19 58 79 28 89 86 66 65 70 41 10 94 3 87 16 48 80 38 55
TEST 144 ARG:60 85 81 26 21 36 47 4 12 61 42 97 59 15 8 48 88 73 27 83 10 63 31 65 6 87 25 84 50 33 66 24 92 3 67 62 72 14 46 40 37 34 43 23 38 5 71 56 93 49 82 94 9 75 16 17 32 45 20 86 11 41 95 78 64 53 35 18 98 69 99 80 89 58 28 7 39 70 68 29 44 55 51 0 13 79 30 77 19 91 22 96 2 1 74 54 52 90 57 76
TEST 145 ARG:52 66 57 5 4 98 65 94 45 62 25 32 76 93 39 27 68 31 87 99 3 13 28 89 97 35 26 70 29 33 18 48 67 81 7 40 30 6 37 80 23 96 83 60 10 54 95 58 42 82 49 73 59 11 64 71 12 74 47 86 88 90 22 85 63 14 84 1 24 21 75 69 92 44 17 46 36 51 78 38 77 41 61 2 72 0 9 16 53 91 19 43 8 15 20 56 50 79 34 55
TEST 146 ARG:21 34 72 17 47 31 57 89 42 41 54 97 56 87 14 46 39 5 91 27 49 18 19 22 73 9 26 60 50 53 52 30 11 33 85 12 81 63 86 61 95 64 62 4 69 77 40 96 70 66 84 90 58 0 51 48 67 59 44 24 36 93 92 29 7 74 6 80 75 28 88 78 35 98 68 1 25 94 65 16 15 13 20 10 82 83 38 71 55 32 3 76 99 23 45 8 43 37 79 2
TEST 147 ARG:95 65 60 16 14 11 78 55 63 18 68 7 86 72 90 46 33 69 9 26 64 24 99 50 3 87 39 43 38 66 82 98 41 35 84 47 75 15 20 8 74 0 58 34 27 56 17 93 88 89 37 77 54 19 13 25 97 53 91 45 21 70 29 44 28 5 52 51 57 67 22 30 31 49 79 80 85 73 59 83 36 62 61 94 4 23 6 2 76 12 96 1 71 42 48 40 92 81 32 10
TEST 148 ARG:20 40 15 4 79 35 13 12 10 43 49 24 71 68 36 63 64 70 95 14 92 7 1 58 31 62 72 5 91 89 73 53 19 54 59 39 28 82 41 69 21 18 25 99 84 2 66 22 94 78 60 80 93 61 76 52 45 33 26 32 90 57 87 56 44 67 97 17 6 37 77 11 27 86 65 0 46 16 50 29 48 38 30 85 9 42 55 88 81 34 8 75 23 98 47 96 51 83 3 74
TEST 149 ARG:35 29 46 66 89 25 51 13 95 22 56 33 28 44 67 2 64 42 96 39 52 6 16 4 82 5 72 45 97 68 27 47 12 77 34 18 71 76 58 73 20 69 94 10 49 24 15 0 79 78 36 87 85 9 75 8 91 11 40 38 48 54 90 86 84 88 93 53 14 99 17 50 63 59 61 43 32 3 30 37 19 41 62 31 7 55 23 26 57 83 74 92 60 80 98 21 65 70 1 81
TEST 150 ARG:43 20 57 21 14 2 19 49 26 27 33 40 16 58 59 5 32 85 90 52 6 72 55 25 95 77 22 3 51 8 28 18 15 99 83 73 88 42 11 46 1 13 23 97 68 81 78 67 31 94 65 92 63 44 24 71 50 76 36 66 86 48 56 79 82 38 53 54 37 10 60 45 91 69 47 93 0 87 29 35 89 98 80 4 41 75 30 70 61 9 39 84 12 74 7 17 96 64 34 62
TEST 151 ARG:86 18 66 35 2 61 60 39 41 7 37 16 50 58 75 15 57 9 46 95 14 59 42 49 13 34 62 40 73 3 4 21 97 45 52 67 1 8 44 83 85 12 24 98 68 36 69 5 99 96 31 26 32 81 19 64 94 78 54 82 92 84 47 53 80 33 22 48 28 72 91 90 56 29 65 93 51 70 77 10 11 23 38 71 76 88 55 0 89 25 43 74 20 17 63 30 79 27 87 6
TEST 152 ARG:21 7 4 31 97 1 11 6 77 23 44 0 94 58 60 55 33 81 78 49 93 59 16 73 71 20 28 13 47 98 89 10 72 26 39 18 96 90 85 41 36 15 12 64 61 54 42 66 5 24 80 51 29 76 62 88 50 68 30 22 74 9 45 2 27 57 40 69 52 83 65 8 3 75 38 37 79 63 35 19 14 87 56 99 43 95 25 82 46 32 34 86 70 91 48 92 17 84 67 53
TEST 153 ARG:75 68 93 30 6 11 64 89 99 74 23 65 43 53 52 79 49 96 31 8 20 4 48 25 72 77 13 17 57 14 44 69 83 54 94 40 16 86 22 27 81 21 98 88 91 95 10 35 66 87 82 29 61 45 90 39 63 67 80 24 26 50 56 33 9 3 70 71 19 85 51 60 41 0 12 78 28 58 47 2 84 38 62 5 92 1 55 15 97 7 73 42 37 34 36 18 32 59 76 46
TEST 154 ARG:57 17 86 77 94 18 32 61 1 20 67 22 16 90 6 84 46 99 39 7 42 5 69 0 3 38 72 80 93 19 79 82 26 9 96 52 33 23 25 35 44 11 13 92 83 28 49 58 78 74 53 43 47 59 66 12 29 97 31 71 30 73 60 15 2 91 40 89 21 36 95 50 4 76 8 56 45 75 34 51 55 98 14 48 85 27 87 37 68 81 10 65 70 41 54 24 62 63 88 64
TEST 155 ARG:36 68 65 43 22 39 72 71 40 14 78 0 16 23 15 76 33 11 35 73 98 83 60 61 91 12 59 64 74 84 10 75 63 93 26 29 13 56 4 25 46 85 41 57 58 27 77 79 31 49 89 5 70 45 50 18 30 67 37 17 62 81 53 2 55 97 88 69 95 96 52 87 82 1 32 34 47 21 66 42 7 48 99 54 92 86 19 38 28 8 3 20 90 44 94 6 24 51 9 80
TEST 156 ARG:67 74 65 20 68 8 10 41 52 61 43 32 51 7 85 79 99 81 6 54 75 11 37 57 63 58 34 64 91 4 80 40 12 9 60 87 77 1 97 62 31 33 48 24 5 66 83 78 19 26 17 27 44 72 39 47 84 30 16 86 96 3 38 98 25 36 42 70 82 88 76 53 46 18 14 0 45 69 15 29 56 50 28 49 89 92 93 71 2 94 23 13 73 90 35 22 55 59 21 95
TEST 157 ARG:57 5 88 62 96 40 44 18 65 22 73 33 52 92 30 70 32 7 8 49 94 16 12 72 89 27 90 10 28 13 71 9 54 86 76 83 78 1 63 80 14 59 38 55 41 69 26 4 74 29 66 43 58 34 61 56 21 93 24 60 84 0 6 45 23 91 53 39 2 50 98 25 46 35 48 95 47 85 68 87 42 97 75 36 15 99 37 11 81 3 79 64 19 20 82 31 77 51 67 17
TEST 158 ARG:32 30 34 83 5 57 42 6 11 27 19 93 62 61 49 54 33 79 47 59 98 82 94 90 88 78 20 48 21 29 8 0 81 40 70 39 7 52 89 69 44 72 58 66 45 2 67 65 14 96 53 13 76 97 84 74 38 18 4 56 24 85 60 23 17 16 46 9 35 73 51 3 43 41 22 15 71 1 80 95 77 28 64 26 55 68 75 36 91 12 10 86 87 37 99 63 92 31 25 50
TEST 159 ARG:19 59 54 6 14 32 30 45 55 76 77 17 66 8 81 93 10 47 31 94 69 29 65 63 20 46 62 91 72 34 21 28 13 11 86 52 51 64 53 96 2 16 42 25 97 60 48 24 36 33 0 82 92 98 40 22 5 75 99 61 37 84 27 85 7 68 49 15 26 35 56 9 95 79 74 50 90 38 71 83 89 18 80 3 78 44 12 67 4 57 58 43 41 70 73 23 88 39 1 87
TEST 160 ARG:29 25 34 26 89 39 90 44 71 81 65 87 22 69 99 76 46 63 1 31 38 4 59 97 50 54 70 93 17 23 91 61 18 27 95 12 0 2 3 72 51 62 6 88 78 82 80 53 40 16 32 85 98 52 33 60 84 36 5 74 55 47 67 75 77 24 42 37 56 41 94 11 7 15 13 45 66 14 21 35 28 68 57 19 58 8 20 9 49 30 48 10 73 83 96 64 86 43 92 79
TEST 161 ARG:95 94 65 30 0 12 1 58 17 97 45 35 82 52 41 86 50 77 79 36 78 6 9 55 47 10 59 39 20 49 76 84 44 21 66 83 5 57 98 71 38 93 7 4 34 89 61 33 72 48 70 63 24 91 23 64 74 68 85 29 32 8 67 87 28 43 13 81 73 53 31 46 54 40 90 69 14 27 26 88 15 16 3 19 96 25 18 99 75 51 80 92 11 2 42 37 56 60 62 22
TEST 162 ARG:33 73 68 36 95 21 84 43 52 39 91 16 93 26 29 97 69 64 63 37 70 49 51 41 1 62 17 55 27 5 86 32 56 40 50 28 66 58 59 15 25 44 98 45 94 47 6 2 14 10 74 85 42 61 79 53 12 19 30 22 4 13 0 77 87 8 72 11 20 92 76 75 35 88 96 3 24 9 54 34 23 67 89 81 57 90 18 7 46 83 48 82 65 99 80 71 31 60 38 78
TEST 163 ARG:96 70 72 25 51 86 15 83 85 9 60 53 28 35 84 55 40 73 20 32 6 16 57 34 29 13 59 80 47 64 5 46 14 62 87 33 89 26 1 50 90 78 99 24 2 8 36 21 44 71 98 37 95 97 11 94 68 38 75 17 65 31 74 81 19 30 76 22 77 42 43 39 27 79 93 66 18 56 92 52 12 54 45 58 7 69 49 63 41 61 82 88 67 4 23 91 0 10 48 3
TEST 164 ARG:83 66 50 71 45 57 25 21 49 91 96 23 56 90 82 40 6 81 17 31 7 38 53 13 5 2 59 73 16 14 61 88 34 30 39 35 24 9 52 68 33 85 95 15 76 32 12 47 11 8 94 42 60 79 62 58 78 75 4 28 22 72 43 80 19 3 84 86 74 36 92 63 46 99 27 87 48 44 1 77 69 51 0 55 98 54 41 26 67 64 65 93 18 37 89 10 97 70 29 20
TEST 165 ARG:45 77 73 48 7 74 18 23 68 85 34 75 56 0 66 43 14 29 58 25 42 5 37 65 8 31 20 95 27 32 76 13 15 26 22 80 99 9 90 40 71 39 82 67 16 17 79 33 52 47 6 83 2 21 84 28 97 63 54 96 11 88 59 10 57 38 44 92 78 72 3 81 30 93 89 64 87 55 4 98 19 60 62 41 69 12 49 70 50 61 24 53 51 86 91 35 94 46 36 1
TEST 166 ARG:5 97 25 72 37 55 81 15 78 27 46 66 1 76 64 59 51 85 93 14 80 13 21 24 7 38 45 42 87 67 9 95 57 11 69 54 2 61 10 60 23 77 17 32 63 84 22 99 43 12 40 20 56 6 34 58 19 36 49 41 30 18 65 48 94 68 47 0 50 53 39 74 26 31 29 3 62 16 89 28 33 52 4 98 82 86 73 44 79 71 70 92 75 35 91 8 88 83 90 96
TEST 167 ARG:0 73 68 72 36 3 83 58 17 41 95 67 14 40 6 75 77 81 55 61 97 85 2 60 32 63 92 74 88 39 23 59 38 30 27 5 7 98 12 8 28 99 54 44 20 94 9 91 90 29 64 22 45 80 71 49 65 50 89 34 18 43 15 47 33 62 26 56 13 76 93 46 84 10 1 78 82 86 42 21 52 66 96 24 37 57 35 69 31 16 51 53 11 79 4 48 19 87 70 25
TEST 168 ARG:66 8 39 86 20 68 93 42 77 3 17 9 27 90 64 88 57 59 19 1 7 15 22 76 54 18 12 99 87 5 33 21 48 61 45 71 94 34 29 95 92 82 28 31 63 84 10 16 96 75 43 14 85 60 58 38 6 56 72 70 51 2 78 55 41 24 44 46 30 53 13 80 69 26 23 97 35 37 0 50 47 79 62 98 52 49 25 40 73 91 81 4 89 32 65 83 67 36 11 74
TEST 169 ARG:50 40 79 38 67 19 52 49 84 48 77 25 20 10 27 99 91 53 89 36 97 14 37 86 6 87 41 55 34 74 56 9 45 83 94 43 88 61 66 85 59 58 21 63 17 81 93 11 31 35 80 22 62 46 30 78 7 82 29 71 72 76 12 47 42 98 73 1 15 39 0 26 57 92 95 4 8 51 13 70 69 64 2 23 60 75 65 16 96 5 24 44 18 90 32 68 28 33 3 54
TEST 170 ARG:62 63 96 70 85 65 13 98 89 84 11 72 31 1 66 30 28 21 58 40 99 77 6 26 10 92 47 48 73 54 71 45 53 9 76 55 49 14 18 57 35 94 68 46 67 29 93 39 60 27 0 36 97 32 56 23 51 91 52 43 8 83 37 44 4 5 17 81 59 19 41 16 12 24 42 50 86 38 90 82 79 69 20 3 61 22 15 25 87 95 80 78 74 34 2 88 33 7 64 75
TEST 171 ARG:5 3 95 33 71 31 57 35 73 21 23 78 42 99 32 19 0 90 27 53 66 97 59 17 48 75 24 14 18 40 16 92 86 74 85 43 20 10 80 25 34 68 54 11 41 81 60 45 77 72 37 6 98 82 4 50 67 61 76 84 2 13 47 36 56 9 29 22 70 87 44 88 30 39 79 52 63 91 8 55 28 62 94 93 49 89 96 83 15 58 69 65 64 51 7 38 26 1 12 46
TEST 172 ARG:41 66 33 96 54 30 53 92 29 35 74 89 75 10 38 46 17 97 68 14 73 5 0 62 88 64 91 57 23 65 18 70 52 36 7 12 15 50 90 24 85 9 49 34 55 45 26 63 6 28 51 79 86 76 37 59 69 43 56 3 8 87 21 67 48 47 44 58 20 77 61 39 27 80 95 11 32 4 42 2 93 94 99 82 25 81 40 16 19 98 60 84 78 31 71 22 83 13 1 72
TEST 173 ARG:57 66 93 21 61 17 80 9 24 26 90 79 18 29 11 99 32 56 35 59 42 54 67 53 62 43 76 0 91 7 37 5 41 55 84 50 40 94 10 38 2 27 73 70 85 47 14 96 60 74 98 25 31 8 58 88 45 4 30 44 33 34 71 13 6 63 52 48 20 78 75 15 16 1 92 19 3 87 72 86 82 49 39 46 12 64 97 36 68 89 28 81 83 22 65 95 23 77 51 69
TEST 174 ARG:28 86 39 13 5 20 61 74 9 0 38 87 35 67 95 36 65 12 77 26 29 62 42 83 91 63 52 78 92 10 66 60 43 1 7 21 70 84 85 69 41 18 79 44 48 17 33 3 47 23 55 97 88 49 57 24 19 96 68 72 4 30 37 25 76 14 94 89 11 99 81 93 40 75 82 73 59 22 31 32 56 80 54 90 34 58 15 50 51 64 6 45 8 71 16 2 98 46 27 53
TEST 175 ARG:11 84 69 0 43 48 26 15 31 4 62 47 23 39 55 13 44 37 6 97 95 64 90 53 5 88 46 86 93 14 21 51 24 12 94 9 30 61 19 57 79 82 41 67 72 8 71 63 35 66 83 38 91 98 77 10 78 1 40 16 33 17 96 22 73 28 50 42 76 52 80 89 7 65 60 25 2 59 87 75 34 27 92 58 32 74 81 68 70 85 20 56 54 49 29 3 45 36 18 99
TEST 176 ARG:90 6 39 30 35 98 4 83 93 79 87 27 18 2 38 32 70 34 58 82 62 43 52 14 71 7 19 45 41 67 81 78 63 91 36 8 44 25 84 73 0 37 54 68 72 26 21 24 95 40 42 46 77 99 55 12 20 53 56 69 50 17 75 65 76 33 61 1 23 80 60 89 28 85 59 3 5 48 31 51 97 92 88 10 9 96 57 94 11 15 22 74 86 49 13 16 66 64 29 47
TEST 177 ARG:80 42 78 82 60 59 25 21 10 68 73 38 15 30 55 61 62 27 79 20 24 85 98 37 40 53 31 54 13 29 50 71 16 72 34 65 1 64 96 39 2 97 28 75 36 91 51 77 99 18 66 4 95 8 9 56 93 43 70 76 92 5 44 14 69 41 33 74 22 48 86 84 47 57 90 35 23 88 46 6 3 26 94 19 17 45 89 11 63 12 52 67 0 49 87 32 58 81 7 83
TEST 178 ARG:20 89 21 48 28 58 50 69 83 7 23 30 65 84 73 39 16 94 63 79 87 29 47 14 60 93 10 41 4 85 8 42 75 5 53 77 91 64 98 13 37 78 96 59 43 97 22 1 34 44 3 9 55 67 90 72 24 40 2 18 52 25 0 86 36 19 57 92 80 46 68 11 82 99 26 49 76 61 31 45 17 33 62 15 6 71 54 38 70 35 95 74 66 88 51 27 12 32 56 81
TEST 179 ARG:88 53 80 46 64 40 71 94 90 74 17 13 62 26 28 85 35 97 2 45 47 79 86 36 16 38 27 92 18 30 73 69 78 48 31 11 23 96 21 37 58 59 83 14 76 22 19 20 0 70 95 8 82 60 99 54 43 4 91 55 41 93 7 44 9 34 51 1 10 98 24 56 5 52 32 75 50 39 63 25 89 77 66 65 33 68 12 84 57 29 87 6 81 3 42 72 49 15 61 67
TEST 180 ARG:47 79 34 58 54 9 83 69 49 8 24 73 74 27 67 45 22 52 29 39 3 30 1 15 77 88 12 48 62 80 14 31 43 2 53 76 18 4 89 46 41 16 70 75 50 13 84 71 82 51 99 72 37 59 33 0 56 78 93 28 61 91 11 21 25 81 68 64 42 94 40 10 5 96 85 36 92 32 19 66 60 7 97 63 55 90 20 38 87 26 6 17 98 86 95 44 57 23 35 65
TEST 181 ARG:33 40 59 99 34 19 35 28 76 41 39 36 78 74 49 2 85 88 51 93 89 82 54 42 84 11 91 98 53 8 92 25 65 80 21 60 46 38 77 45 63 31 94 70 83 32 23 16 15 66 86 3 20 55 4 9 69 10 14 27 18 68 48 24 57 61 50 52 97 95 1 30 96 67 62 87 6 12 64 13 47 17 81 56 5 0 44 22 26 29 7 72 79 73 58 37 43 75 90 71
TEST 182 ARG:12 44 40 58 5 73 32 69 74 99 98 63 0 54 43 53 89 15 45 41 26 33 46 39 47 30 81 97 93 17 35 71 79 11 6 82 31 56 86 78 50 87 4 55 20 21 42 19 90 48 2 38 66 9 24 28 51 62 36 25 84 8 95 67 7 10 13 37 83 59 49 70 75 76 64 94 22 1 60 72 91 85 61 96 92 80 57 3 65 14 52 29 16 27 77 18 34 23 88 68
TEST 183 ARG:4 53 35 33 64 8 70 62 45 67 86 32 59 11 2 82 87 57 46 41 28 31 99 61 20 68 92 16 75 44 14 52 36 79 19 85 88 26 7 73 96 9 38 76 77 91 56 6 25 89 50 12 18 90 30 5 80 47 72 10 66 23 83 93 40 49 48 13 39 58 95 81 74 37 42 71 17 3 22 0 98 24 63 29 60 1 78 54 84 94 15 43 55 69 34 27 65 97 51 21
TEST 184 ARG:19 12 25 85 36 38 5 77 75 70 61 50 15 1 80 10 42 54 18 20 4 97 56 24 27 16 13 64 51 33 45 49 57 88 48 22 82 76 96 37 21 89 40 63 81 43 99 90 65 53 95 47 23 92 98 7 30 44 55 74 73 94 69 72 0 3 62 67 83 58 17 93 59 86 46 35 9 71 91 79 52 34 31 11 29 6 41 32 60 78 8 39 2 28 14 87 84 26 68 66
TEST 185 ARG:77 17 1 76 48 3 96 95 50 30 93 35 19 89 70 23 40 57 86 82 91 45 14 51 79 72 94 28 13 61 54 80 64 85 33 15 36 47 71 24 37 44 90 55 78 75 16 84 22 87 34 25 5 18 9 46 56 69 97 88 12 8 62 59 38 98 53 74 39 21 63 41 10 99 27 42 2 29 7 58 32 83 92 68 49 20 52 4 73 60 26 6 67 0 11 66 31 65 43 81
TEST 186 ARG:82 69 26 70 9 56 17 25 22 46 36 93 51 8 49 29 97 44 39 77 12 54 62 85 73 4 40 89 35 92 16 0 34 96 98 6 15 99 43 7 33 55 90 78 79 75 28 60 13 59 21 37 83 71 84 76 86 63 32 80 10 65 64 11 58 23 41 48 18 52 19 61 81 50 1 87 74 72 42 27 3 67 45 66 20 31 2 30 47 5 53 14 38 95 91 57 94 24 88 68
TEST 187 ARG:52 15 77 55 8 22 91 2 96 24 17 30 14 43 53 42 60 46 48 79 93 94 3 7 25 87 29 71 35 31 10 27 72 23 89 78 66 90 63 47 44 76 57 88 16 5 39 26 18 61 21 36 84 80 73 54 99 49 97 32 98 6 75 58 11 37 74 51 62 86 92 19 64 70 95 69 0 33 9 28 68 1 83 40 38 65 50 45 41 81 12 85 34 4 13 59 20 82 67 56
TEST 188 ARG:88 29 95 62 3 98 18 76 83 1 63 19 6 54 91 9 10 16 50 42 61 57 14 52 43 56 79 78 53 74 2 24 97 38 67 77 13 64 36 39 28 46 7 51 65 60 35 71 21 15 23 25 12 33 85 0 92 4 27 34 82 41 96 11 49 31 47 81 80 58 84 75 93 55 86 30 5 90 68 32 20 94 17 37 48 45 44 59 73 69 22 26 40 70 87 72 99 66 89 8
TEST 189 ARG:15 30 1 39 46 32 93 24 75 88 78 70 80 51 57 72 83 38 87 25 35 79 85 20 17 47 52 37 66 55 62 18 8 56 61 50 6 7 69 36 65 11 22 95 63 96 71 73 90 28 58 64 33 21 49 91 13 3 86 45 48 14 97 81 77 40 92 26 23 84 4 67 0 54 31 29 43 74 68 10 60 42 12 5 34 41 53 99 27 82 44 89 16 76 94 2 98 59 19 9
TEST 190 ARG:42 73 35 65 15 76 4 7 57 61 64 5 6 49 69 11 88 31 91 86 67 77 30 89 63 18 8 68 46 74 82 51 59 96 58 80 10 94 39 70 52 75 53 28 41 19 45 0 54 3 9 72 92 14 99 22 24 12 13 98 83 21 17 29 44 33 50 48 66 81 37 87 60 95 90 84 32 23 97 93 20 1 16 56 25 79 34 43 38 40 78 27 2 26 62 55 36 85 47 71
TEST 191 ARG:67 47 35 39 98 70 80 14 54 34 52 38 8 29 73 31 57 0 78 79 94 99 21 33 83 40 44 11 82 18 68 61 26 12 28 55 19 93 43 88 45 16 25 20 2 50 75 41 5 17 48 23 46 62 66 63 24 6 86 72 56 4 10 9 87 27 42 95 1 97 85 71 64 37 53 92 36 15 60 22 90 69 91 3 13 81 77 51 89 76 59 96 49 7 30 84 74 65 32 58
TEST 192 ARG:94 98 32 99 43 14 71 29 15 52 92 42 37 18 77 93 8 48 65 22 11 95 68 67 56 50 69 53 41 13 76 19 55 20 10 90 84 7 24 5 64 9 97 89 78 88 72 47 25 1 74 4 57 96 87 30 0 60 83 85 63 75 3 86 31 62 44 82 73 28 40 33 70 16 59 23 38 6 91 45 46 26 81 27 17 34 39 49 35 54 2 36 80 51 21 58 61 66 12 79
TEST 193 ARG:38 58 69 50 21 59 57 72 18 68 36 81 14 30 71 87 56 2 75 91 10 76 93 42 9 95 46 13 66 37 53 15 78 64 8 80 0 98 92 65 39 99 55 77 1 47 43 3 54 33 4 62 86 40 12 96 63 44 74 7 48 26 34 11 6 70 73 83 5 20 52 45 85 88 49 35 41 51 61 23 28 25 27 90 94 24 97 31 67 60 79 16 89 19 84 32 82 17 29 22
TEST 194 ARG:65 20 43 46 59 33 29 53 96 23 39 25 98 81 24 7 28 40 31 16 55 11 32 80 76 93 84 50 26 38 9 85 51 77 79 99 86 34 88 27 87 54 5 10 49 78 17 95 66 3 48 44 57 14 47 42 90 94 73 30 83 91 75 45 0 21 13 6 52 15 97 70 58 71 74 69 41 89 36 61 72 64 67 35 22 8 12 60 4 82 18 2 37 19 68 56 92 1 62 63
TEST 195 ARG:6 47 67 64 82 74 14 30 98 52 61 75 12 76 56 28 92 50 46 71 16 3 45 9 89 17 57 2 37 40 72 83 58 34 79 38 11 5 86 43 94 10 84 31 87 32 19 96 20 48 25 49 54 97 77 22 73 0 4 63 85 23 51 42 95 90 53 81 39 7 88 1 80 99 36 78 91 27 60 68 33 70 29 44 62 18 35 24 13 66 15 55 93 65 59 8 41 69 26 21
TEST 196 ARG:38 27 72 23 65 59 74 42 57 49 15 70 0 35 78 51 50 95 76 13 9 96 33 41 69 24 91 4 87 61 5 22 93 40 47 28 31 82 8 2 16 54 64 66 75 45 71 77 98 97 68 43 18 55 21 3 1 14 67 12 46 34 99 17 73 19 20 32 85 39 81 25 83 7 48 60 90 58 84 29 63 37 62 80 88 52 89 86 26 92 79 11 94 36 56 10 44 6 53 30
TEST 197 ARG:2 67 20 88 76 40 66 0 32 39 27 55 69 99 52 1 63 53 45 71 79 29 22 74 90 26 96 58 75 10 64 33 17 25 86 92 78 89 7 87 16 50 15 80 31 34 48 8 28 85 82 49 95 59 19 44 65 72 43 35 60 62 51 46 56 93 14 61 30 37 68 36 77 54 98 23 3 21 38 81 5 70 41 4 97 12 18 13 24 57 6 83 84 47 9 94 73 11 91 42
TEST 198 ARG:31 28 10 91 39 7 44 16 36 62 20 70 45 8 55 59 13 17 95 14 93 33 96 9 57 77 43 72 52 80 88 58 41 2 74 47 25 40 67 97 22 73 61 48 27 1 90 23 78 5 0 86 29 38 66 60 82 51 68 98 87 81 32 34 79 92 49 99 3 30 54 26 50 85 63 75 37 35 19 94 71 65 12 83 89 24 53 46 15 42 11 21 64 6 84 69 4 76 56 18
TEST 199 ARG:61 45 60 50 73 8 31 71 47 22 63 52 58 76 15 53 0 55 86 24 21 68 9 16 67 42 75 38 84 85 37 57 78 54 43 91 6 93 62 92 83 19 10 96 7 36 27 66 51 44 28 95 35 40 65 14 17 20 80 33 69 98 87 77 81 3 90 1 82 26 32 34 23 25 89 4 41 29 18 30 94 88 11 12 59 74 97 99 56 5 48 49 72 64 39 13 79 2 46 70
TEST 200 ARG:71 87 20 63 28 68 38 17 39 89 66 48 26 99 83 11 2 22 82 0 56 75 3 24 15 74 21 73 25 69 85 97 49 45 1 23 59 27 60 90 52 77 93 33 58 53 10 35 64 40 6 31 84 30 62 57 54 5 65 95 4 41 78 67 16 51 92 14 42 72 50 29 12 86 94 36 44 32 43 80 96 98 76 13 88 91 46 70 19 7 18 55 81 37 34 47 9 8 61 79
TEST 201 ARG:10 78 42 72 92 15 99 32 86 61 81 63 57 23 74 31 24 2 58 26 18 80 89 17 35 34 1 50 56 55 29 20 93 8 21 44 60 14 48 87 4 52 75 64 54 3 85 82 40 27 5 53 16 30 41 6 47 77 45 0 9 49 76 19 73 28 69 39 46 68 11 62 84 12 13 59 79 33 7 94 25 38 51 91 90 71 95 97 65 88 96 66 83 43 98 36 37 67 70 22
Multiple size <= 500
TEST 1 ARG:26 203 -3 -51 -110 -12 -129 -223 -184 89 -248 63 -172 -29 -173 130 -67 -192 107 99 244 -127 48 88 -234 -224 118 142 -30 204 98 144 242 -87 -204 -113 167 -28 -231 -62 168 -74 -227 -61 -202 -165 -143 -101 138 -150 70 -79 249 137 -124 -130 -146 62 -107 22 -66 -183 2 87 8 246 115 189 -97 114 231 32 200 -215 207 -176 -177 194 216 -119 91 169 -17 61 43 38 -136 -134 -112 -190 -7 -180 39 -52 -56 57 -247 15 -5 16 -141 -84 -42 -207 -82 36 -182 196 -114 147 -167 -138 -179 206 65 66 -135 -9 225 116 20 219 76 -20 41 201 228 -65 195 11 -222 -217 17 -209 141 227 143 -170 -43 46 -132 -181 135 18 -8 -102 -120 -185 58 123 237 -91 -166 -125 -240 -239 72 -31 30 -88 120 -21 -13 -245 -249 238 -105 21 -208 -23 236 -236 222 -85 149 140 239 209 218 -54 59 -98 -123 80 213 -189 23 -161 -205 1 9 233 166 33 153 212 247 245 -211 74 -131 162 94 -152 -160 -117 -6 -96 -2 106 -103 -226 -159 -1 205 -175 -11 82 -196 211 24 13 103 155 -147 -57 -10 152 248 -73 197 60 234 71 -34 -230 157 -70 240 -36 -37 -118 151 -194 -71 49 5 174 25 173 -80 163 -212 92 136 199 -232 112 73 145 -89 -126 172 -77 42 146 193 -18 40 -144 -64 -228 55 -142 198 -216 56 -188 75 232 177 -104 -83 31 -201 -115 -200 -24 -154 175 121 86 -198 35 132 220 -195 -197 -48 79 126 0 -19 -111 34 -225 -250 -174 -168 -50 -59 -35 -203 -163 -221 77 109 7 -68 37 -72 -155 -233 154 47 223 -116 -53 45 -45 -106 -156 139 -75 -81 -40 14 54 52 108 -94 215 105 -238 3 90 -191 159 78 19 -133 -122 181 224 185 230 -218 83 27 124 -14 -162 -243 127 -206 100 -153 -139 44 119 -237 134 53 -108 -137 -47 165 -186 -16 -38 117 125 160 81 110 -76 -15 -25 97 183 243 -145 -219 -171 182 208 -210 -193 -93 -99 -220 95 -33 184 67 4 104 -246 -199 113 178 84 -151 226 -78 164 101 -242 -60 150 -148 192 190 -121 -100 186 -128 -27 156 217 -235 122 51 214 -229 179 -46 -86 -44 111 -41 -164 -49 241 180 -4 229 -39 171 -69 -214 -241 -244 -187 85 -22 -140 50 -26 64 69 -95 29 -169 170 6 187 -109 -32 -58 148 210 128 102 12 -149 -213 -90 -157 221 176 129 161 191 131 10 28 133 188 93 68 158 -178 -158 -55 96 -92 202 -63 235
TEST 2 ARG:248 -224 -48 -103 133 85 138 45 0 219 -11 -213 117 -199 1 202 -16 -209 101 189 41 210 37 -193 95 135 -119 -205 103 64 -123 139 16 166 209 -187 -131 -93 104 -111 -45 -244 -242 125 -110 152 79 60 -172 -135 102 13 157 -191 -86 -2 129 -30 11 -97 -229 -195 -18 249 175 -146 -153 119 -80 222 -238 -248 71 -219 191 -65 136 -23 -66 144 -174 187 207 8 245 -227 56 148 153 -60 -168 183 28 83 228 -36 27 -79 -230 -202 -233 -17 -63 -62 53 -75 238 30 -149 154 9 -216 -245 -237 158 -64 -148 39 -158 -4 20 -14 31 -94 -144 -25 -114 -58 -186 -104 -231 96 -223 -241 174 35 -220 -129 163 -246 26 167 164 61 -55 213 113 -77 63 -182 67 -225 220 233 36 147 -90 -57 194 123 -99 -49 -20 179 173 186 3 -160 78 -89 227 -198 110 236 221 44 -215 137 -33 118 -84 155 -19 18 -9 -10 89 -68 55 -239 -185 -22 69 -113 87 6 32 -39 -184 -208 140 124 -169 208 -51 226 -140 -155 -67 199 24 -249 165 -42 -50 -210 -145 192 22 181 70 132 -133 106 193 -217 -35 -87 188 33 -206 114 -207 218 -235 185 122 -188 126 190 -151 206 -40 115 -27 -138 -47 93 19 177 -154 -163 -29 -54 -134 -102 214 224 112 -200 -31 -190 62 48 -13 43 151 -69 -173 -189 -127 73 107 -95 -8 -91 10 92 40 -228 15 121 -147 150 -132 171 -204 -105 170 -121 -197 38 -96 91 -157 29 -26 12 17 -212 247 -128 246 169 178 -46 -61 -81 -70 84 -232 231 201 -214 -107 -92 111 108 -180 109 -201 23 217 75 232 -117 99 -170 -76 68 -5 -130 100 161 145 128 -240 216 116 -167 -156 -106 243 229 -177 -34 47 -12 -56 -192 239 180 223 77 240 -120 -176 98 -226 -178 74 241 156 -166 21 212 168 -109 -137 -250 -85 42 -21 131 81 -136 14 198 25 51 -100 235 -181 -108 -211 -73 -152 -126 203 -143 242 -222 -124 46 -141 205 -83 90 -71 -234 215 -236 -53 -125 -101 72 195 -88 -218 82 105 -43 -7 58 57 120 4 -98 -183 -142 -78 88 -203 49 76 162 -32 97 -41 196 -112 -82 -243 -196 230 -139 204 237 2 -37 -221 184 -118 172 -116 -28 146 200 52 -162 142 -72 176 59 -194 -52 -6 141 66 -24 -159 -164 -15 94 -1 -175 -150 -161 54 -44 127 65 -171 -3 159 225 149 234 -38 86 7 143 -122 -179 244 182 -115 -247 160 50 -74 -165 34 -59 80 130 134 197 5 211
